Network Management Card AOS v5.1.6
Smart-UPS & Matrix-UPS APP v5.1.6

Date     	Time     	Name	Contact	Location	System IP
03/18/2022	16:11:23	Unknown	Unknown	Unknown	172.19.17.133

		Smart-UPS VT 20 kVA   	   	   	   	   	   	   	   	   	   	   	   	   	   	   	   	   	   	   	   	   	   	   	   	   	   	   	   	   	
Date	Time	Vmin1	Vmin2	Vmin3	Vmax1	Vmax2	Vmax3	Vbp1	Vbp2	Vbp3	Iin1	Iin2	Iin3	Vout1	Vout2	Vout3	Iout1	Iout2	Iout3	%Wout1	%Wout2	%Wout3	kVAout1	kVAout2	kVAout3	Freq	%Cap	Vbat	Ibat	TupsC
03/18/2022	15:56:14	209.2	210.1	206.9	215.4	217.6	213.3	214.1	215.5	212.3	1.56	1.79	1.79	219.4	218.5	219.2	1	4	0	6	11	1	0.3	0.8	0.1	50.00	100.0	218.1	-0.1	25.1	
03/18/2022	14:56:14	211.2	211.1	209.4	216.4	216.9	214.1	211.9	216.0	211.0	1.59	1.83	1.85	219.3	218.6	218.9	1	4	0	6	14	1	0.3	1.0	0.1	50.27	100.0	218.0	-0.1	24.9	
03/18/2022	13:56:14	215.0	212.7	212.9	221.1	219.8	219.1	216.3	217.2	214.2	1.62	1.81	1.85	219.4	218.6	219.3	1	4	0	6	12	1	0.3	0.9	0.1	50.01	100.0	218.0	-0.1	24.9	
03/18/2022	12:56:14	215.2	212.6	213.8	220.6	219.1	218.5	218.0	215.3	216.5	1.58	1.75	1.84	219.3	218.7	219.3	1	4	0	6	12	1	0.3	0.9	0.1	50.07	100.0	218.1	-0.1	24.7	
03/18/2022	11:56:13	214.8	211.7	212.3	221.0	220.2	218.5	220.0	216.5	217.6	1.45	1.68	1.70	218.8	218.7	219.3	1	3	0	6	10	1	0.3	0.7	0.1	50.34	100.0	218.1	-0.1	24.5	
03/18/2022	10:56:13	217.1	213.3	215.1	222.2	221.1	219.6	218.8	219.0	217.6	1.60	1.80	1.85	218.9	218.9	219.3	1	4	0	6	11	1	0.3	0.8	0.2	50.30	100.0	218.3	-0.1	24.3	
03/18/2022	09:56:13	215.9	210.4	207.8	220.4	221.1	218.3	217.0	214.7	216.0	1.58	1.75	1.82	219.3	219.4	219.6	1	3	0	6	11	0	0.3	0.8	0.1	49.87	100.0	218.3	-0.1	24.1	
03/18/2022	08:56:13	210.5	210.4	207.3	220.2	217.2	214.0	219.1	213.5	210.6	1.60	1.76	1.80	219.0	218.6	219.2	1	4	0	6	11	1	0.3	0.8	0.1	49.74	100.0	218.4	-0.1	23.9	
03/18/2022	07:56:13	209.8	211.4	210.9	217.9	218.6	216.2	216.8	216.4	213.8	1.53	1.73	1.78	219.2	218.8	219.2	1	3	0	6	11	1	0.3	0.8	0.1	49.65	100.0	218.1	-0.1	23.8	
03/18/2022	06:56:12	209.8	210.8	208.2	215.4	217.8	213.7	210.3	213.5	212.6	1.53	1.72	1.78	218.8	219.4	219.4	1	3	0	6	10	0	0.3	0.7	0.1	50.01	100.0	218.1	-0.1	23.8	
03/18/2022	05:56:12	213.4	212.6	211.2	216.6	217.1	214.4	215.1	213.5	212.8	1.11	1.37	1.36	218.9	219.3	219.6	1	2	0	6	7	1	0.3	0.6	0.1	50.25	100.0	218.1	-0.1	23.8	
03/18/2022	04:56:12	215.3	213.7	213.2	218.5	218.4	216.0	216.2	217.0	214.3	1.21	1.44	1.47	218.8	219.0	219.3	1	2	0	6	6	1	0.3	0.5	0.1	49.90	100.0	218.1	-0.1	23.9	
03/18/2022	03:56:12	215.3	214.5	213.2	218.8	218.6	216.3	215.1	216.0	213.5	1.17	1.41	1.41	219.5	219.6	219.5	1	2	0	6	7	0	0.3	0.6	0.1	50.28	100.0	218.3	-0.1	24.0	
03/18/2022	02:56:12	215.1	213.6	212.6	217.6	218.0	215.3	217.2	218.1	215.1	1.27	1.48	1.51	219.2	218.7	219.0	1	2	0	6	7	0	0.3	0.5	0.1	50.23	100.0	218.4	-0.1	24.0	
03/18/2022	01:56:11	214.9	213.5	212.6	218.1	217.9	215.9	216.9	218.2	215.4	1.12	1.37	1.36	219.1	218.7	219.2	1	2	0	6	7	1	0.3	0.6	0.1	50.38	100.0	218.3	-0.1	24.1	
03/18/2022	00:56:11	213.2	207.2	210.6	217.1	217.5	215.2	214.8	215.8	212.9	1.14	1.40	1.39	219.4	219.3	219.4	1	2	0	6	7	0	0.4	0.6	0.1	50.29	100.0	218.4	-0.1	24.1	
03/17/2022	23:56:11	213.1	211.5	211.1	217.6	216.7	215.5	213.7	215.1	212.6	1.15	1.42	1.41	219.3	219.4	219.6	1	2	0	6	7	1	0.3	0.5	0.1	49.95	100.0	218.0	-0.1	24.2	
03/17/2022	22:56:11	215.3	206.3	213.2	220.1	219.4	217.8	215.1	214.6	213.5	1.14	1.40	1.36	218.9	219.3	219.4	1	2	0	6	7	0	0.3	0.5	0.1	49.95	100.0	218.1	-0.1	24.4	
03/17/2022	21:56:11	216.6	214.4	214.7	219.5	219.0	217.5	218.8	219.2	217.7	1.14	1.39	1.40	219.3	219.2	219.1	1	2	0	6	7	1	0.3	0.6	0.1	50.47	99.5	218.1	-0.1	24.5	
03/17/2022	20:56:10	216.4	214.3	214.5	220.0	219.1	217.6	216.8	216.7	215.1	1.43	1.66	1.68	219.3	218.8	219.0	1	3	0	6	10	1	0.3	0.8	0.1	49.50	96.1	218.1	-0.1	24.7	
03/17/2022	19:56:10	216.3	213.5	215.5	219.4	218.9	218.1	218.6	218.8	217.5	1.35	1.60	1.60	219.0	218.9	219.3	1	3	0	6	11	0	0.3	0.9	0.1	50.32	92.8	218.1	-0.1	24.9	
03/17/2022	18:56:10	215.2	211.8	214.2	219.8	219.6	217.5	217.1	216.3	216.2	1.42	1.65	1.68	219.6	218.8	219.1	1	3	0	6	10	1	0.3	0.7	0.1	50.24	89.5	218.0	-0.1	24.9	
03/17/2022	17:56:10	217.4	213.9	214.3	221.0	220.2	218.2	219.0	219.1	217.0	1.59	1.80	1.85	218.9	219.2	219.6	1	3	0	6	11	0	0.3	0.8	0.1	49.87	86.1	218.0	-0.1	25.0	
03/17/2022	16:56:10	212.9	213.8	209.3	220.5	220.2	216.8	219.4	219.6	216.2	1.50	1.72	1.75	218.9	218.6	219.4	1	3	0	6	11	0	0.4	0.8	0.1	50.00	82.8	218.1	-0.1	25.0	
03/17/2022	15:56:09	209.0	211.1	208.2	215.9	218.0	213.0	213.0	214.2	210.2	1.48	1.70	1.70	219.3	219.2	219.4	1	3	0	6	10	1	0.3	0.7	0.1	49.89	78.4	217.8	-0.1	24.9	
03/17/2022	14:56:09	0.2	0.3	0.2	220.7	219.5	218.3	211.6	216.3	212.6	1.62	1.87	1.90	219.1	219.0	219.0	1	4	0	6	12	1	0.3	0.9	0.1	49.71	69.4	218.0	-0.1	24.9	
03/17/2022	13:56:09	0.2	0.3	0.2	221.2	223.1	218.3	210.6	215.0	210.3	1.58	1.84	1.85	218.9	218.9	219.5	1	3	0	6	11	1	0.3	0.8	0.1	50.06	54.9	218.1	-0.1	24.7	
03/17/2022	12:56:09	212.7	212.1	213.2	220.5	218.6	218.1	216.6	216.8	217.1	1.53	1.77	1.81	218.9	219.2	219.1	1	4	0	6	11	1	0.3	0.8	0.1	50.49	100.0	218.1	-0.1	24.4	
03/17/2022	11:56:09	215.5	214.4	213.1	220.3	219.9	218.7	219.3	216.6	215.6	1.54	1.73	1.79	219.2	219.3	219.4	1	3	0	6	11	1	0.3	0.8	0.1	50.31	100.0	218.3	-0.1	24.2	
03/17/2022	10:56:08	215.9	212.4	213.0	220.4	218.7	218.5	219.4	218.5	217.8	1.56	1.76	1.81	219.2	219.5	219.3	1	4	0	6	11	1	0.3	0.8	0.1	50.20	98.6	218.3	-0.1	24.0	
03/17/2022	09:56:08	210.2	211.5	212.7	221.0	219.7	218.3	215.9	214.0	213.8	1.66	1.86	1.88	219.3	219.0	219.3	1	3	0	6	11	1	0.3	0.8	0.1	49.75	95.3	218.1	-0.1	23.8	
03/17/2022	08:56:08	209.8	211.9	208.8	215.2	218.5	218.2	210.6	214.7	214.4	1.57	1.83	1.89	218.8	218.9	219.0	1	4	0	6	11	1	0.3	0.8	0.1	49.84	91.9	218.3	-0.1	23.8	
03/17/2022	07:56:08	211.2	210.9	208.1	217.6	218.0	214.5	213.2	216.3	209.9	1.68	1.92	1.92	219.5	219.4	219.3	1	4	0	6	11	1	0.3	0.8	0.1	50.23	88.6	218.4	-0.1	23.6	
03/17/2022	06:56:08	209.5	210.1	208.4	217.6	215.9	214.1	217.0	212.7	214.4	1.60	1.75	1.84	219.0	218.9	219.4	1	4	0	6	11	1	0.3	0.8	0.1	50.42	85.3	218.4	-0.1	23.5	
03/17/2022	05:56:07	210.6	210.7	209.9	215.7	217.1	214.6	212.9	216.2	213.1	1.40	1.65	1.65	219.3	219.1	219.2	1	3	0	6	10	1	0.3	0.8	0.1	50.42	81.9	218.4	-0.1	23.6	
03/17/2022	04:56:07	213.9	215.0	212.5	216.8	218.7	216.1	215.3	217.4	214.8	1.44	1.66	1.69	219.1	218.7	219.2	1	3	0	6	10	1	0.3	0.8	0.1	50.44	76.0	218.4	-0.1	23.7	
03/17/2022	03:56:07	212.6	210.6	211.7	216.5	218.0	215.8	214.9	217.6	214.9	1.45	1.69	1.71	219.2	219.6	219.3	1	3	0	6	10	1	0.3	0.8	0.1	50.35	67.0	218.1	-0.1	23.8	
03/17/2022	02:56:07	0.3	0.3	0.2	220.0	219.8	218.7	214.5	213.0	214.0	1.55	1.74	1.81	219.6	218.6	219.1	1	3	0	6	10	1	0.3	0.8	0.1	49.75	58.0	218.3	-0.1	23.8	
03/17/2022	01:56:07	214.0	215.4	212.7	217.1	219.8	215.7	215.1	216.5	214.2	1.44	1.67	1.68	219.2	219.5	219.4	1	3	0	6	10	1	0.3	0.8	0.1	49.78	89.7	218.3	-0.1	23.9	
03/17/2022	00:56:06	213.1	215.4	212.0	217.0	219.5	215.8	214.7	217.8	214.1	1.42	1.66	1.66	219.7	219.1	219.2	1	3	0	6	10	1	0.3	0.7	0.1	50.05	86.4	218.1	-0.1	24.0	
03/16/2022	23:56:06	211.2	214.1	210.1	215.0	219.2	213.6	213.2	218.1	212.7	1.46	1.73	1.73	219.1	219.3	219.2	1	3	0	6	10	1	0.3	0.8	0.1	49.70	83.0	218.3	-0.1	24.0	
03/16/2022	22:56:06	210.4	215.0	209.2	213.5	219.5	212.1	212.6	217.2	211.6	1.43	1.71	1.70	218.9	218.2	219.0	1	4	0	6	10	1	0.3	0.8	0.1	50.00	79.0	218.1	-0.1	24.1	
03/16/2022	21:56:06	208.1	212.5	207.2	212.5	218.6	211.7	210.6	215.6	210.5	1.46	1.72	1.72	219.0	218.8	219.3	1	3	0	6	10	1	0.3	0.8	0.1	50.30	70.0	218.4	-0.1	24.2	
03/16/2022	20:56:06	210.4	211.2	209.4	214.9	216.4	213.5	210.7	213.7	209.8	1.45	1.69	1.69	219.4	219.2	219.5	1	3	0	6	11	1	0.3	0.8	0.1	49.81	61.0	218.1	-0.1	24.3	
03/16/2022	19:56:05	0.3	0.3	0.2	220.6	219.8	218.7	213.3	214.1	212.9	1.46	1.71	1.70	219.0	218.6	218.9	1	3	0	6	10	1	0.3	0.8	0.1	49.99	51.9	218.3	-0.1	24.4	
03/16/2022	18:56:05	214.3	207.2	211.7	218.9	218.4	216.7	218.2	215.3	216.1	1.44	1.66	1.70	219.2	219.4	219.2	1	3	0	6	10	1	0.3	0.8	0.1	50.33	100.0	218.1	-0.1	24.7	
03/16/2022	17:56:05	214.0	211.4	211.4	221.2	219.4	219.5	216.1	214.8	214.7	1.53	1.76	1.79	219.6	219.4	219.2	1	3	0	6	13	1	0.3	0.9	0.1	49.99	100.0	218.1	-0.1	24.7	
03/16/2022	16:56:05	217.8	214.9	215.5	220.6	219.7	218.9	219.1	217.7	217.6	1.55	1.75	1.80	219.5	218.7	219.2	1	4	0	6	12	1	0.3	0.8	0.1	50.00	100.0	218.1	-0.1	24.7	
03/16/2022	15:56:05	210.7	210.4	208.1	220.8	219.1	218.9	219.8	219.5	218.4	1.58	1.78	1.83	219.0	218.9	218.9	1	4	0	6	12	1	0.3	0.8	0.1	50.14	100.0	218.1	-0.1	24.7	
03/16/2022	14:56:04	210.8	209.7	208.4	220.0	218.6	217.3	210.7	210.9	209.1	1.64	1.86	1.89	219.2	218.8	219.3	1	4	0	6	12	1	0.3	0.9	0.1	49.48	100.0	218.1	-0.1	24.6	
03/16/2022	13:56:04	217.0	213.8	214.4	220.9	220.2	218.6	218.9	216.2	216.7	1.60	1.79	1.85	219.3	219.3	219.3	1	4	0	6	12	1	0.3	0.8	0.1	50.17	100.0	218.0	-0.1	24.4	
03/16/2022	12:56:04	210.9	209.8	210.2	220.1	218.8	218.0	217.5	217.7	215.6	1.58	1.76	1.80	218.9	219.8	219.3	1	4	0	6	12	1	0.3	0.8	0.1	50.00	100.0	218.3	-0.1	24.2	
03/16/2022	11:56:04	212.9	210.7	210.6	219.4	218.0	216.8	217.3	215.1	215.0	1.51	1.70	1.76	218.7	219.1	219.4	1	3	0	6	12	1	0.3	0.9	0.1	50.13	100.0	218.3	-0.1	23.9	
03/16/2022	10:56:04	214.1	211.3	211.8	220.8	219.9	218.7	218.9	216.7	216.8	1.60	1.78	1.84	218.9	219.3	219.3	1	4	0	6	12	1	0.3	0.9	0.1	50.50	100.0	218.4	-0.1	23.8	
03/16/2022	09:56:03	215.1	214.8	210.7	221.4	220.4	218.2	220.0	219.2	218.3	1.58	1.78	1.84	219.1	219.6	219.3	1	4	0	6	12	1	0.3	0.8	0.1	50.42	100.0	218.3	-0.1	23.6	
03/16/2022	08:56:03	209.6	211.7	207.9	219.4	220.5	214.2	217.7	217.5	211.9	1.62	1.81	1.84	219.1	219.1	219.5	1	4	0	6	12	0	0.3	0.9	0.1	49.79	100.0	218.4	-0.1	23.6	
03/16/2022	07:56:03	209.0	210.1	206.8	216.2	219.4	213.5	212.1	215.1	208.7	1.63	1.86	1.87	219.3	219.4	219.4	1	4	0	6	11	1	0.3	0.8	0.1	49.95	100.0	218.4	-0.1	23.4	
03/16/2022	06:56:03	209.3	210.4	207.6	216.8	216.0	214.7	209.7	212.7	208.0	1.60	1.81	1.84	218.9	219.1	219.5	1	4	0	6	11	1	0.3	0.8	0.1	49.87	100.0	218.6	-0.1	23.3	
03/16/2022	05:56:03	215.3	211.9	213.3	218.6	217.5	216.6	216.5	216.2	215.0	1.47	1.68	1.71	219.0	219.0	219.3	1	3	0	6	10	1	0.3	0.8	0.1	50.43	100.0	218.6	-0.1	23.4	
03/16/2022	04:56:02	217.4	214.9	215.2	220.2	219.6	217.6	218.0	217.6	216.5	1.40	1.63	1.65	219.4	219.2	219.1	1	3	0	6	10	1	0.3	0.8	0.1	50.50	100.0	218.4	-0.1	23.5	
03/16/2022	03:56:02	217.0	214.0	213.4	220.2	219.2	216.6	219.5	219.3	216.8	1.41	1.64	1.65	219.3	219.2	219.3	1	3	0	6	10	1	0.3	0.8	0.1	50.45	100.0	218.4	-0.1	23.6	
03/16/2022	02:56:02	217.0	213.9	213.4	219.6	218.4	216.6	218.7	218.0	215.3	1.42	1.63	1.65	219.1	218.8	218.8	1	4	0	6	10	1	0.3	0.8	0.1	50.11	100.0	218.4	-0.1	23.7	
03/16/2022	01:56:02	216.5	213.9	214.8	220.3	219.8	218.6	217.5	216.8	215.5	1.48	1.70	1.73	218.9	218.6	218.9	1	4	0	6	10	1	0.3	0.8	0.1	49.73	100.0	218.1	-0.1	23.8	
03/16/2022	00:56:02	215.8	213.8	213.8	220.2	219.8	218.2	220.1	219.7	218.4	1.42	1.64	1.68	219.3	219.1	219.2	1	3	0	6	10	1	0.3	0.8	0.1	50.27	100.0	218.3	-0.1	23.8	
03/15/2022	23:56:01	215.4	212.8	213.4	219.0	218.9	216.9	215.7	216.2	214.5	1.44	1.65	1.68	219.1	219.4	219.3	1	3	0	6	10	1	0.3	0.8	0.1	49.67	100.0	218.3	-0.1	23.9	
03/15/2022	22:56:01	213.6	212.5	211.9	218.6	218.6	216.7	217.6	215.3	215.7	1.41	1.64	1.66	219.4	219.0	219.1	1	3	0	6	10	1	0.4	0.8	0.1	50.18	100.0	218.3	-0.1	24.0	
03/15/2022	21:56:01	213.6	212.2	211.9	217.6	218.2	216.2	215.9	216.5	214.5	1.41	1.66	1.66	219.4	218.2	219.1	1	4	0	6	10	1	0.3	0.8	0.1	49.99	100.0	218.3	-0.1	24.1	
03/15/2022	20:56:01	213.8	211.7	212.1	218.1	217.2	216.0	214.6	214.9	213.7	1.44	1.67	1.67	219.3	220.1	219.6	1	3	0	6	10	1	0.3	0.8	0.1	50.03	100.0	218.3	-0.1	24.2	
03/15/2022	19:56:01	214.6	211.7	212.6	218.1	217.3	216.4	215.9	213.9	215.0	1.46	1.68	1.72	219.3	218.4	218.9	1	3	0	6	10	1	0.3	0.8	0.1	49.80	100.0	218.0	-0.1	24.4	
03/15/2022	18:56:00	214.7	211.3	212.8	220.0	218.0	217.5	215.4	212.5	213.7	1.47	1.66	1.71	218.9	219.0	219.1	1	3	0	6	10	1	0.3	0.8	0.1	49.74	98.1	218.3	-0.1	24.6	
03/15/2022	17:56:00	216.2	209.8	215.6	220.8	219.8	218.5	218.8	217.9	216.9	1.51	1.72	1.75	218.9	218.9	219.0	1	4	0	6	11	1	0.3	0.8	0.1	49.95	94.8	218.1	-0.1	24.7	
03/15/2022	16:56:00	213.5	212.6	212.3	218.5	219.6	217.4	217.6	218.5	216.8	1.51	1.75	1.78	219.2	218.6	219.2	1	4	0	6	11	0	0.3	0.8	0.1	49.70	91.4	218.3	-0.1	24.7	
03/15/2022	15:56:00	212.8	214.2	211.2	216.6	219.3	214.1	213.5	217.7	213.1	1.58	1.83	1.82	219.0	218.9	219.2	1	4	0	6	11	1	0.3	0.8	0.1	49.66	88.1	218.1	-0.1	24.6	
03/15/2022	14:56:00	209.0	209.0	208.3	217.7	220.1	215.6	215.0	217.6	212.5	1.56	1.79	1.79	219.2	218.8	219.3	1	4	0	6	11	1	0.3	0.8	0.1	49.72	84.8	218.0	-0.1	24.6	
03/15/2022	13:55:59	211.0	217.2	212.3	217.8	220.0	215.6	215.5	219.1	215.0	1.52	1.76	1.75	219.1	219.2	219.0	1	3	0	6	11	1	0.3	0.8	0.1	50.30	81.6	218.1	-0.1	24.4	
03/15/2022	12:55:59	212.3	216.4	212.9	219.5	220.4	217.3	213.6	219.3	213.5	1.50	1.78	1.77	219.2	219.1	219.0	1	4	0	6	11	1	0.3	0.8	0.1	50.37	75.1	218.3	-0.1	24.1	
03/15/2022	11:55:59	211.4	216.5	211.7	218.7	220.3	216.0	218.0	218.7	216.1	1.54	1.74	1.77	219.3	218.5	219.2	1	4	0	6	11	1	0.3	0.8	0.1	50.23	66.1	218.3	-0.1	24.0	
03/15/2022	10:55:59	211.3	216.3	211.3	218.1	221.4	216.1	216.0	217.3	214.5	1.59	1.83	1.83	218.8	219.2	219.4	1	4	0	6	12	1	0.3	0.8	0.1	50.20	57.1	218.3	-0.1	23.8	
03/15/2022	09:55:59	0.2	0.3	0.2	221.2	220.2	218.1	216.2	219.8	215.7	1.64	1.86	1.91	219.1	218.3	218.8	1	3	0	6	12	1	0.3	0.9	0.1	50.00	48.1	218.4	+0.0	23.6	
03/15/2022	08:55:58	209.0	212.1	207.1	215.2	219.5	214.2	214.9	219.9	214.4	1.58	1.82	1.83	218.9	218.5	218.9	1	4	0	6	12	1	0.3	0.8	0.1	49.89	100.0	218.4	-0.1	23.6	
03/15/2022	07:55:58	208.7	209.6	207.6	216.5	219.7	213.6	211.4	215.4	210.9	1.63	1.85	1.88	219.5	219.3	219.4	1	4	0	6	12	0	0.3	0.8	0.1	49.84	100.0	218.6	-0.1	23.4	
03/15/2022	06:55:58	211.7	210.5	209.1	216.3	219.0	215.4	212.8	217.9	210.6	1.56	1.79	1.81	219.4	218.5	218.8	1	4	0	6	11	1	0.3	0.8	0.1	49.96	100.0	218.6	-0.1	23.3	
03/15/2022	05:55:58	213.9	211.6	213.0	217.7	217.1	216.9	216.0	216.9	215.7	1.42	1.63	1.66	219.0	218.9	219.3	1	3	0	6	10	0	0.3	0.8	0.1	50.50	100.0	218.4	-0.1	23.4	
03/15/2022	04:55:58	216.1	214.0	214.9	219.4	219.0	218.3	217.3	217.3	216.9	1.45	1.64	1.71	219.0	219.5	219.4	1	3	0	6	12	1	0.3	0.9	0.1	50.19	100.0	218.3	-0.1	23.4	
03/15/2022	03:55:57	214.6	214.1	213.2	218.0	218.2	216.8	217.2	217.5	216.3	1.48	1.70	1.71	218.9	218.7	218.9	1	3	0	6	10	1	0.4	0.8	0.1	50.10	100.0	218.3	-0.1	23.5	
03/15/2022	02:55:57	213.8	214.3	212.9	220.5	219.6	218.4	217.4	218.5	217.0	1.45	1.67	1.69	219.2	219.2	219.1	1	3	0	6	10	1	0.3	0.7	0.1	50.60	100.0	218.4	-0.1	23.5	
03/15/2022	01:55:57	217.5	214.5	215.6	220.2	219.7	218.0	219.0	218.9	217.5	1.46	1.67	1.70	219.2	218.6	218.9	1	3	0	6	10	1	0.4	0.8	0.1	50.20	100.0	218.4	-0.1	23.6	
03/15/2022	00:55:57	216.8	215.2	214.8	219.2	218.8	216.9	218.7	218.8	217.1	1.42	1.65	1.67	219.1	219.1	219.1	1	3	0	6	10	1	0.3	0.8	0.1	50.42	100.0	218.6	-0.1	23.7	
03/14/2022	23:55:57	216.3	213.7	213.8	219.1	218.2	216.4	216.8	216.9	215.1	1.41	1.62	1.64	219.1	218.9	219.1	1	3	0	6	10	1	0.3	0.8	0.1	49.90	100.0	218.4	-0.1	23.8	
03/14/2022	22:55:56	216.0	211.0	213.7	219.1	219.6	216.6	218.9	218.5	216.5	1.40	1.65	1.66	219.1	219.4	219.4	1	4	0	6	10	1	0.3	0.8	0.1	50.31	100.0	218.3	-0.1	23.8	
03/14/2022	21:55:56	214.7	213.9	212.3	218.3	218.7	216.2	216.0	217.3	214.1	1.51	1.73	1.77	218.8	219.7	219.6	1	3	0	6	10	1	0.3	0.8	0.1	50.00	100.0	218.3	-0.1	23.9	
03/14/2022	20:55:56	214.4	212.2	212.0	217.6	218.0	215.4	215.7	216.3	213.6	1.52	1.72	1.77	219.4	219.1	219.3	1	3	0	6	10	1	0.3	0.8	0.1	49.71	100.0	218.4	-0.1	24.0	
03/14/2022	19:55:56	213.7	213.4	211.8	218.9	219.7	218.2	216.4	217.2	215.2	1.51	1.73	1.73	219.4	219.1	219.2	1	3	0	6	11	1	0.3	0.8	0.1	49.98	100.0	218.3	-0.1	24.1	
03/14/2022	18:55:56	213.8	213.7	215.9	220.7	219.4	218.5	214.3	214.6	216.8	1.51	1.74	1.79	218.9	219.5	219.5	1	3	0	6	10	1	0.3	0.8	0.1	49.71	100.0	218.0	-0.1	24.4	
03/14/2022	17:55:55	214.6	212.8	213.1	219.9	219.1	217.5	218.4	216.8	216.7	1.59	1.73	1.80	219.4	219.8	219.8	1	3	0	6	12	1	0.3	0.9	0.1	49.99	100.0	218.1	-0.1	24.4	
03/14/2022	16:55:55	215.2	213.1	213.3	217.7	217.9	216.0	217.3	215.8	215.9	1.58	1.78	1.85	219.1	218.5	219.1	1	4	0	6	11	1	0.3	0.8	0.1	49.81	100.0	218.1	-0.1	24.4	
03/14/2022	15:55:55	212.9	212.5	212.2	219.6	219.8	218.2	216.7	217.5	215.3	1.62	1.82	1.84	219.2	219.4	219.4	1	3	0	6	12	1	0.3	0.9	0.1	49.84	100.0	218.1	-0.1	24.3	
03/14/2022	14:55:55	213.6	212.8	212.6	218.0	219.2	217.5	216.1	215.1	215.1	1.65	1.86	1.93	219.1	218.9	219.2	1	4	0	6	11	1	0.3	0.8	0.1	49.68	100.0	218.3	-0.1	24.3	
03/14/2022	13:55:55	214.6	214.6	214.8	219.0	219.9	218.5	217.9	217.4	217.5	1.60	1.79	1.83	219.4	219.2	219.4	1	4	0	6	12	1	0.3	0.8	0.1	50.05	100.0	218.3	-0.1	24.0	
03/14/2022	12:55:54	212.7	212.8	212.3	217.8	220.0	218.2	215.2	215.1	216.1	1.72	1.90	1.97	219.4	219.0	219.3	1	4	0	6	11	1	0.3	0.8	0.1	50.17	100.0	218.1	-0.1	23.8	
03/14/2022	11:55:54	212.9	214.2	213.1	217.3	220.3	219.1	215.6	218.2	216.8	1.58	1.83	1.87	219.2	220.1	219.5	1	4	0	6	12	1	0.3	0.9	0.1	49.99	100.0	218.4	-0.1	23.5	
03/14/2022	10:55:54	211.7	212.9	213.3	215.8	219.0	217.8	215.2	218.7	217.8	1.67	1.90	1.94	219.4	219.2	219.0	1	4	1	6	12	2	0.3	0.8	0.2	50.42	100.0	218.6	-0.1	23.4	
03/14/2022	09:55:54	213.2	213.2	214.5	217.7	219.2	219.1	213.0	214.4	214.9	1.60	1.81	1.87	219.1	219.3	219.3	1	4	0	6	12	1	0.3	0.9	0.1	49.84	100.0	218.6	-0.1	23.3	
03/14/2022	08:55:54	209.0	210.9	207.7	217.2	219.7	217.2	213.9	216.9	217.3	1.56	1.81	1.85	219.2	218.9	219.4	1	4	0	6	11	1	0.3	0.8	0.1	49.74	100.0	218.6	-0.1	23.1	
03/14/2022	07:55:53	210.8	212.3	209.9	216.3	218.3	215.0	210.6	213.7	210.2	1.80	2.02	2.03	219.1	218.9	219.1	1	4	0	6	12	1	0.3	0.9	0.1	49.92	100.0	218.6	-0.1	23.0	
03/14/2022	06:55:53	212.6	211.6	211.5	215.2	216.8	214.1	213.4	215.6	212.6	1.72	1.92	1.95	218.9	219.4	219.6	1	3	0	6	11	1	0.3	0.8	0.1	50.06	100.0	218.6	-0.1	23.0	
03/14/2022	05:55:53	214.6	214.4	213.5	219.8	219.4	218.1	214.4	215.7	213.8	1.45	1.65	1.71	219.1	219.2	219.3	1	3	0	6	10	0	0.3	0.8	0.1	50.08	100.0	218.4	-0.1	23.0	
03/14/2022	04:55:53	218.0	216.1	216.4	220.2	219.5	218.2	219.3	219.3	218.2	1.42	1.63	1.68	219.1	219.0	219.5	1	3	0	6	10	1	0.3	0.8	0.1	50.27	100.0	218.6	-0.1	23.1	
03/14/2022	03:55:53	217.1	215.1	215.6	219.5	218.9	217.7	218.2	218.0	217.1	1.37	1.62	1.63	219.2	218.6	219.2	1	3	0	6	10	0	0.3	0.8	0.1	49.89	100.0	218.4	-0.1	23.2	
03/14/2022	02:55:52	216.5	214.9	214.8	219.6	219.0	217.8	218.1	218.6	217.3	1.39	1.64	1.69	218.6	219.0	219.4	1	3	0	6	10	1	0.3	0.8	0.1	50.26	100.0	218.6	-0.1	23.2	
03/14/2022	01:55:52	216.3	214.4	214.9	220.2	219.2	218.0	218.6	216.3	217.5	1.40	1.62	1.66	219.6	219.3	219.3	1	3	0	6	10	0	0.3	0.7	0.1	50.05	100.0	218.6	-0.1	23.4	
03/14/2022	00:55:52	218.1	215.3	216.3	220.1	218.9	217.8	219.2	219.0	217.6	1.39	1.63	1.65	218.8	218.8	219.2	1	3	0	6	12	0	0.3	1.0	0.1	50.33	100.0	218.3	-0.1	23.4	
03/13/2022	23:55:52	217.3	209.1	215.4	220.6	218.6	218.1	218.7	215.8	216.7	1.49	1.69	1.76	218.9	219.5	219.3	1	3	0	6	10	1	0.3	0.8	0.1	49.85	100.0	218.6	-0.1	23.5	
03/13/2022	22:55:52	216.3	212.9	214.5	219.4	218.4	217.9	218.4	217.9	217.6	1.42	1.66	1.68	219.1	218.9	219.1	1	3	0	6	10	0	0.3	0.8	0.1	50.35	100.0	218.4	-0.1	23.6	
03/13/2022	21:55:51	214.3	211.7	213.1	217.7	216.7	216.5	216.3	215.6	215.3	1.47	1.69	1.72	219.3	218.3	218.7	1	4	0	6	10	1	0.3	0.8	0.1	49.97	100.0	218.4	-0.1	23.7	
03/13/2022	20:55:51	214.6	211.4	213.3	217.2	215.9	215.7	215.8	214.8	215.2	1.49	1.69	1.73	218.9	220.0	219.7	1	3	0	6	11	1	0.3	0.9	0.1	50.02	100.0	218.4	-0.1	23.8	
03/13/2022	19:55:51	213.8	205.9	214.0	217.6	216.8	216.7	215.5	214.7	214.5	1.58	1.77	1.83	219.1	219.3	219.3	1	4	0	6	10	0	0.3	0.8	0.1	49.73	98.9	218.1	-0.1	23.9	
03/13/2022	18:55:51	213.3	211.1	213.4	220.3	219.6	218.0	214.2	214.5	214.6	1.44	1.68	1.73	219.7	219.3	219.2	1	3	0	6	10	1	0.3	0.8	0.1	50.23	95.6	218.4	-0.1	24.0	
03/13/2022	17:55:51	216.4	212.6	213.7	219.8	218.7	216.9	217.9	214.9	215.9	1.68	1.85	1.91	219.1	218.5	219.1	1	3	0	6	10	1	0.3	0.8	0.1	49.89	92.3	218.3	-0.1	24.1	
03/13/2022	16:55:50	214.3	213.5	213.3	218.6	218.0	216.0	218.0	218.2	216.3	1.48	1.70	1.74	219.2	219.4	219.2	1	3	0	6	12	1	0.3	0.9	0.1	50.38	88.9	218.3	-0.1	24.2	
03/13/2022	15:55:50	214.5	212.3	212.5	218.0	217.3	215.2	215.1	214.1	214.5	1.62	1.80	1.88	219.0	220.0	219.5	1	3	0	6	11	0	0.3	0.8	0.1	50.01	85.6	218.3	-0.1	24.1	
03/13/2022	14:55:50	216.7	214.0	213.9	219.5	218.4	216.7	217.1	214.8	214.8	1.55	1.74	1.79	218.7	219.0	219.1	1	4	0	6	11	1	0.3	0.8	0.1	49.85	82.3	218.3	-0.1	24.1	
03/13/2022	13:55:50	216.0	213.6	213.1	219.5	219.3	217.0	217.9	217.7	215.4	1.55	1.73	1.78	219.3	219.8	219.6	1	3	0	6	11	1	0.3	0.8	0.1	49.94	76.9	218.3	-0.1	23.8	
03/13/2022	12:55:50	212.1	211.5	210.2	217.1	217.6	214.5	216.0	217.0	214.1	1.58	1.79	1.83	219.2	218.5	218.8	1	4	0	6	12	1	0.3	0.9	0.1	50.15	67.9	218.3	-0.1	23.5	
03/13/2022	11:55:49	211.6	211.7	210.6	216.3	215.5	214.7	213.3	215.4	212.9	1.58	1.82	1.82	219.6	219.3	219.5	1	3	0	6	12	1	0.4	0.9	0.1	49.99	58.9	218.4	-0.1	23.3	
03/13/2022	10:55:49	0.2	0.3	0.2	220.1	220.9	217.4	216.1	213.5	215.0	1.70	1.88	1.95	218.8	218.6	218.8	1	4	0	6	13	1	0.3	1.0	0.1	49.82	49.9	218.6	+0.0	23.1	
03/13/2022	09:55:49	212.9	210.0	212.1	216.7	216.5	216.4	214.7	215.6	215.3	1.53	1.77	1.83	219.3	219.1	219.2	1	3	0	6	11	0	0.3	0.8	0.1	50.24	100.0	218.7	-0.1	23.0	
03/13/2022	08:55:49	209.3	209.8	208.5	215.0	216.6	214.7	214.7	215.0	215.1	1.54	1.76	1.82	219.5	218.9	219.1	1	4	0	6	11	0	0.3	0.8	0.1	49.92	100.0	218.4	-0.1	23.0	
03/13/2022	07:55:49	214.2	213.2	212.9	219.2	219.8	218.5	214.9	213.6	213.9	1.62	1.82	1.87	219.5	219.2	219.2	1	4	0	6	12	0	0.4	0.9	0.1	49.67	100.0	218.7	-0.1	22.9	
03/13/2022	06:55:48	214.9	214.2	213.6	217.8	218.0	216.4	216.7	218.1	216.1	1.53	1.75	1.80	219.2	219.3	219.2	1	4	0	6	12	0	0.3	0.9	0.1	50.50	100.0	218.4	-0.1	22.9	
03/13/2022	05:55:48	213.2	211.8	212.5	218.3	217.4	216.4	216.3	217.0	216.1	1.44	1.65	1.68	219.4	218.8	219.0	1	3	0	6	10	1	0.3	0.8	0.1	50.35	100.0	218.6	-0.1	22.9	
03/13/2022	04:55:48	215.1	213.7	214.1	219.1	218.7	218.0	215.6	215.3	214.7	1.47	1.66	1.70	219.1	218.6	219.2	1	3	0	6	10	1	0.3	0.8	0.1	50.18	100.0	218.6	-0.1	23.0	
03/13/2022	03:55:48	216.1	214.0	214.7	219.0	218.5	217.6	217.7	217.4	216.8	1.45	1.66	1.71	219.3	219.3	219.4	1	3	0	6	10	1	0.3	0.8	0.1	50.26	100.0	218.6	-0.1	23.1	
03/13/2022	02:55:48	215.2	212.7	213.3	218.6	217.9	216.8	216.0	216.1	215.0	1.46	1.67	1.71	219.0	219.4	219.5	1	3	0	6	10	1	0.3	0.8	0.1	49.86	100.0	218.6	-0.1	23.1	
03/13/2022	01:55:47	213.7	213.5	212.5	219.1	218.4	217.3	216.9	214.4	215.7	1.46	1.63	1.72	219.6	218.5	219.2	1	3	0	6	10	1	0.3	0.8	0.1	50.00	100.0	218.6	-0.1	23.2	
03/13/2022	00:55:47	213.2	209.8	211.1	217.2	216.5	215.6	214.7	215.0	213.9	1.57	1.77	1.82	219.2	219.0	219.3	1	3	0	6	10	1	0.3	0.8	0.1	49.64	100.0	218.6	-0.1	23.2	
03/12/2022	23:55:47	212.7	211.2	210.8	219.8	217.6	218.0	214.6	214.6	213.7	1.54	1.76	1.81	219.3	218.5	218.8	1	4	0	6	10	1	0.3	0.8	0.1	50.00	100.0	218.7	-0.1	23.3	
03/12/2022	22:55:47	214.0	212.4	213.3	219.1	217.4	217.8	218.8	217.1	217.6	1.51	1.72	1.78	219.1	219.2	219.6	1	3	0	6	10	1	0.3	0.8	0.1	50.31	100.0	218.4	-0.1	23.4	
03/12/2022	21:55:47	213.4	213.1	213.0	220.0	219.2	218.0	217.0	216.2	216.7	1.60	1.80	1.87	218.9	219.2	219.2	1	3	0	6	10	1	0.3	0.8	0.1	50.40	100.0	218.4	-0.1	23.4	
03/12/2022	20:55:46	214.0	212.6	213.4	218.3	218.6	217.8	215.6	216.5	215.9	1.44	1.67	1.68	218.7	219.2	219.5	1	3	0	6	11	1	0.3	0.8	0.1	49.99	100.0	218.3	-0.1	23.5	
03/12/2022	19:55:46	212.4	212.9	213.2	218.1	218.9	217.5	215.9	216.5	216.1	1.45	1.68	1.69	219.0	218.5	218.8	1	4	0	6	10	1	0.3	0.8	0.1	49.98	100.0	218.4	-0.1	23.6	
03/12/2022	18:55:46	212.2	211.3	212.7	219.3	219.4	216.4	213.2	216.0	214.4	1.45	1.70	1.73	219.2	219.5	219.6	1	3	0	6	11	1	0.3	0.8	0.1	50.15	100.0	218.4	-0.1	23.8	
03/12/2022	17:55:46	213.7	207.3	211.5	219.9	219.7	216.9	218.1	217.1	215.9	1.75	1.92	1.99	218.9	219.3	219.2	1	3	0	6	10	1	0.3	0.8	0.1	49.83	100.0	218.3	-0.1	23.9	
03/12/2022	16:55:46	213.7	212.8	211.2	218.5	219.9	216.0	214.4	216.4	213.1	1.61	1.84	1.88	219.4	219.3	219.1	1	3	0	6	11	1	0.3	0.8	0.1	49.85	96.9	218.4	-0.1	24.0	
03/12/2022	15:55:45	208.5	211.7	206.1	215.6	218.5	214.2	214.8	218.3	213.8	1.56	1.80	1.84	219.2	219.3	219.1	1	4	0	6	12	0	0.3	0.8	0.1	49.55	93.7	218.3	-0.1	23.9	
03/12/2022	14:55:45	209.6	210.0	208.2	216.9	220.6	216.5	209.5	217.3	208.5	1.54	1.81	1.80	219.4	218.8	218.9	1	4	0	6	12	0	0.3	0.8	0.1	49.67	90.3	218.3	-0.1	23.9	
03/12/2022	13:55:45	210.1	216.1	212.8	216.0	219.8	215.9	212.0	217.6	213.7	1.62	1.87	1.92	219.3	219.4	219.2	1	4	0	6	12	1	0.3	0.9	0.1	50.23	87.1	218.4	-0.1	23.7	
03/12/2022	12:55:45	209.8	216.2	211.7	216.6	220.3	216.2	214.9	218.5	215.3	1.63	1.87	1.90	219.2	219.1	219.4	1	4	0	6	13	1	0.3	1.0	0.1	50.31	83.8	218.6	-0.1	23.4	
03/12/2022	11:55:45	210.7	199.9	206.4	216.9	220.2	216.3	215.1	218.7	215.8	1.53	1.76	1.82	219.5	219.2	219.2	1	4	0	6	12	1	0.3	0.8	0.1	50.17	80.5	218.6	-0.1	23.2	
03/12/2022	10:55:44	210.4	208.3	209.7	215.3	220.0	216.0	211.7	218.3	214.1	1.51	1.75	1.80	219.1	218.5	219.1	1	4	0	6	12	0	0.3	0.8	0.1	50.09	72.1	218.6	-0.1	22.9	
03/12/2022	09:55:44	0.2	0.3	0.2	220.4	220.1	217.2	210.7	219.5	214.0	1.48	1.76	1.78	219.2	219.8	219.3	1	3	0	6	11	0	0.4	0.9	0.1	50.15	63.1	218.7	-0.1	22.8	
03/12/2022	08:55:44	210.0	210.7	207.6	217.1	219.0	216.5	214.8	214.6	213.4	1.61	1.81	1.86	219.0	218.2	219.0	1	4	0	6	12	0	0.3	0.8	0.1	50.01	100.0	218.9	-0.1	22.8	
03/12/2022	07:55:44	211.6	211.7	207.4	219.4	217.5	214.4	211.6	215.9	212.1	1.67	1.90	1.96	219.2	218.0	218.8	1	4	0	6	11	0	0.3	0.8	0.1	49.99	100.0	218.9	-0.1	22.8	
03/12/2022	06:55:44	211.6	210.7	210.5	220.8	219.1	215.2	218.1	214.6	213.4	1.56	1.72	1.78	219.2	218.6	218.9	1	3	0	6	11	1	0.3	0.8	0.1	50.22	100.0	218.7	-0.1	22.8	
03/12/2022	05:55:43	214.4	212.7	212.8	219.3	219.1	218.6	214.4	213.7	213.1	1.50	1.66	1.76	219.5	219.1	219.1	1	3	0	6	10	1	0.3	0.8	0.1	50.04	100.0	218.7	-0.1	22.8	
03/12/2022	04:55:43	216.1	214.3	215.0	219.6	219.1	218.6	219.2	219.4	218.9	1.45	1.65	1.70	219.0	218.9	219.1	1	3	0	6	10	1	0.3	0.8	0.1	50.22	100.0	218.6	-0.1	22.9	
03/12/2022	03:55:43	216.4	215.0	215.1	220.0	218.6	218.4	217.1	217.4	216.9	1.38	1.64	1.69	219.7	219.2	219.2	1	3	0	6	10	1	0.3	0.7	0.1	49.92	100.0	218.4	-0.1	23.0	
03/12/2022	02:55:43	215.7	212.4	214.0	219.3	218.2	218.0	219.1	216.7	218.3	1.37	1.60	1.63	219.3	219.4	219.1	1	4	0	6	10	1	0.3	0.7	0.1	50.35	100.0	218.6	-0.1	22.9	
03/12/2022	01:55:42	214.1	212.5	213.7	219.2	218.9	218.0	217.7	217.3	216.8	1.44	1.65	1.71	219.4	219.7	219.5	1	3	0	6	10	1	0.3	0.8	0.1	50.01	100.0	218.6	-0.1	23.1	
03/12/2022	00:55:42	214.0	212.2	212.5	217.5	216.7	215.9	214.6	212.8	214.1	1.49	1.69	1.75	219.2	219.0	219.2	1	3	0	6	10	1	0.3	0.8	0.1	49.81	100.0	218.7	-0.1	23.0	
03/11/2022	23:55:42	212.4	211.0	211.0	215.8	215.4	214.8	214.7	214.6	214.1	1.52	1.73	1.80	219.3	219.5	219.4	1	3	0	6	10	1	0.3	0.8	0.1	49.81	100.0	218.7	-0.1	23.1	
03/11/2022	22:55:42	213.4	211.2	212.1	217.5	217.0	216.3	215.1	215.5	214.6	1.49	1.70	1.76	219.1	219.3	219.3	1	3	0	6	10	1	0.3	0.8	0.1	50.33	100.0	218.6	-0.1	23.2	
03/11/2022	21:55:42	212.4	211.6	212.0	216.5	216.9	217.1	214.2	214.7	213.8	1.46	1.64	1.71	219.3	218.7	219.3	1	3	0	6	10	1	0.3	0.8	0.1	49.99	100.0	218.6	-0.1	23.2	
03/11/2022	20:55:41	213.2	211.8	213.1	218.3	216.9	218.0	214.7	215.6	216.2	1.52	1.71	1.79	219.3	219.5	219.3	1	3	0	6	10	0	0.3	0.8	0.1	49.90	100.0	218.6	-0.1	23.3	
03/11/2022	19:55:41	212.8	212.3	213.1	217.6	217.4	217.3	215.2	216.3	215.9	1.41	1.63	1.69	219.5	219.7	219.6	1	3	0	6	12	0	0.3	0.9	0.1	50.00	100.0	218.6	-0.1	23.4	
03/11/2022	18:55:41	213.7	211.0	212.6	219.4	219.3	218.4	215.8	215.3	214.9	1.46	1.68	1.73	219.2	218.7	219.1	1	3	0	6	11	0	0.3	0.8	0.1	50.31	99.0	218.3	-0.1	23.5	
03/11/2022	17:55:41	212.8	211.8	211.9	218.4	218.3	216.9	217.3	215.3	216.3	1.54	1.71	1.80	219.0	218.8	219.1	1	4	0	6	12	0	0.3	0.9	0.1	49.89	95.7	218.4	-0.1	23.6	
03/11/2022	16:55:41	214.1	211.6	212.3	217.5	217.3	215.9	216.0	213.8	214.9	1.63	1.80	1.87	219.3	219.0	219.3	1	3	0	6	11	1	0.3	0.8	0.1	50.00	92.3	218.4	-0.1	23.6	
03/11/2022	15:55:40	213.6	211.4	212.4	217.6	219.8	216.3	214.9	216.0	214.2	1.49	1.71	1.77	219.3	219.5	219.2	1	3	0	6	12	0	0.3	0.8	0.1	50.20	89.0	218.4	-0.1	23.7	
03/11/2022	14:55:40	211.0	212.0	210.4	216.1	218.6	214.5	214.9	218.3	214.0	1.50	1.75	1.79	219.4	219.4	219.2	1	3	0	6	11	0	0.3	0.8	0.1	49.85	85.7	218.6	-0.1	23.6	
03/11/2022	13:55:40	214.2	212.2	213.9	220.6	220.0	218.8	215.5	215.5	214.7	1.56	1.78	1.84	219.1	218.3	219.0	1	4	0	6	12	0	0.3	0.8	0.1	49.97	82.3	218.6	-0.1	23.4	
03/11/2022	12:55:40	212.4	213.4	214.3	216.8	220.2	218.6	214.2	218.5	217.3	1.54	1.76	1.82	219.2	219.0	219.4	1	4	0	6	12	0	0.3	0.9	0.1	49.64	77.1	218.6	-0.1	23.2	
03/11/2022	11:55:40	211.7	212.8	214.3	215.9	220.1	218.5	215.0	217.1	217.6	1.51	1.71	1.81	219.3	219.4	219.2	1	4	0	6	12	0	0.3	0.9	0.1	50.21	68.1	218.7	-0.1	23.0	
03/11/2022	10:55:39	0.3	0.3	0.2	220.6	219.4	218.2	213.9	214.8	217.1	1.53	1.74	1.82	219.2	219.8	219.3	1	3	0	6	12	0	0.3	0.9	0.1	49.92	59.1	218.6	-0.1	23.0	
03/11/2022	09:55:39	0.3	0.3	0.3	221.7	221.1	219.4	0.3	0.3	0.4	0.00	0.00	0.00	219.6	219.6	219.6	1	3	0	6	11	0	0.3	0.8	0.1	0.00	80.4	193.5	-1.9	22.9	
03/11/2022	08:55:39	210.8	212.6	209.5	220.6	218.9	218.1	214.3	216.6	211.5	1.60	1.83	1.84	219.1	219.1	219.2	1	3	0	6	12	1	0.3	0.8	0.1	49.84	100.0	218.7	-0.1	22.8	
03/11/2022	07:55:39	210.6	210.2	208.7	220.2	219.7	218.6	215.5	214.4	215.1	1.58	1.78	1.87	218.8	219.1	219.0	1	4	0	6	11	1	0.3	0.8	0.1	49.89	100.0	218.7	-0.1	22.8	
03/11/2022	06:55:39	210.3	209.1	208.4	216.7	214.6	215.1	211.8	210.6	209.7	1.59	1.78	1.85	219.3	219.5	219.2	1	4	0	6	11	0	0.3	0.8	0.1	49.84	100.0	218.7	-0.1	22.7	
03/11/2022	05:55:38	215.3	212.9	213.2	219.8	217.4	217.7	215.9	214.4	214.9	1.45	1.67	1.71	219.5	219.6	219.6	1	3	0	6	10	0	0.3	0.8	0.1	49.77	100.0	218.7	-0.1	22.8	
03/11/2022	04:55:38	217.4	215.6	214.9	221.9	219.7	219.7	218.6	216.2	216.6	1.47	1.66	1.72	219.2	218.8	219.3	1	3	0	6	10	0	0.3	0.8	0.1	49.83	100.0	218.7	-0.1	22.8	
03/11/2022	03:55:38	216.7	212.1	213.8	220.4	218.9	218.3	218.3	217.0	215.9	1.38	1.60	1.64	219.3	218.6	219.2	1	4	0	6	10	0	0.3	0.8	0.1	49.93	100.0	218.7	-0.1	22.8	
03/11/2022	02:55:38	214.9	213.2	213.4	220.6	218.9	218.1	217.7	215.9	215.4	1.47	1.66	1.73	219.3	219.2	219.3	1	3	0	6	10	0	0.3	0.8	0.1	49.92	100.0	218.6	-0.1	22.9	
03/11/2022	01:55:38	214.5	213.2	213.1	219.4	217.3	216.6	215.9	213.8	214.7	1.45	1.66	1.71	218.9	218.7	219.2	1	3	0	6	10	0	0.3	0.8	0.1	49.76	100.0	218.6	-0.1	22.9	
03/11/2022	00:55:37	214.7	213.0	212.8	219.0	218.5	217.6	216.4	214.9	214.4	1.51	1.68	1.76	219.4	218.9	219.3	1	4	0	6	10	0	0.3	0.8	0.1	49.58	100.0	218.6	-0.1	23.0	
03/10/2022	23:55:37	214.0	212.9	212.5	218.7	217.3	216.5	214.6	214.0	213.4	1.46	1.65	1.72	219.2	218.9	219.4	1	3	0	6	10	0	0.3	0.8	0.1	49.41	100.0	218.4	-0.1	23.1	
03/10/2022	22:55:37	215.7	213.7	213.6	219.2	218.3	217.2	216.1	216.0	214.9	1.43	1.68	1.70	219.0	218.7	219.2	1	3	0	6	10	0	0.3	0.8	0.1	49.79	100.0	218.6	-0.1	23.1	
03/10/2022	21:55:37	214.4	213.6	213.2	218.9	218.9	218.1	217.8	217.2	216.3	1.43	1.64	1.67	219.0	219.4	219.3	1	3	0	6	10	0	0.3	0.8	0.1	50.39	100.0	218.6	-0.1	23.1	
03/10/2022	20:55:37	214.7	212.6	213.0	218.3	217.2	216.6	215.6	215.9	215.3	4.04	4.75	4.42	219.4	219.0	219.1	1	4	0	6	10	0	0.3	0.8	0.1	49.70	100.0	218.6	-0.1	23.2	
03/10/2022	19:55:36	215.5	213.5	214.3	220.2	218.8	218.4	215.6	215.2	214.9	1.50	1.69	1.75	219.0	219.0	219.4	1	3	0	6	11	0	0.3	0.8	0.1	49.44	100.0	218.6	-0.1	23.3	
03/10/2022	18:55:36	213.7	211.3	213.3	217.9	218.8	216.8	216.2	218.2	216.3	1.44	1.65	1.69	219.2	219.3	219.5	1	3	0	6	10	0	0.3	0.8	0.1	50.16	100.0	218.6	-0.1	23.4	
03/10/2022	17:55:36	213.8	211.9	212.6	218.5	219.8	217.1	216.4	214.7	214.8	1.55	1.72	1.81	219.2	218.8	219.2	1	4	0	6	12	0	0.3	0.9	0.1	49.79	100.0	218.4	-0.1	23.4	
03/10/2022	16:55:36	212.2	213.0	211.1	215.9	218.5	214.6	214.9	215.7	213.8	1.54	1.73	1.78	218.8	218.3	219.0	1	4	0	6	11	0	0.3	0.8	0.1	49.98	100.0	218.3	-0.1	23.5	
03/10/2022	15:55:36	211.4	212.7	210.6	215.4	217.5	213.7	213.6	216.9	213.2	1.49	1.74	1.77	219.0	219.2	219.5	1	3	0	6	11	0	0.3	0.8	0.1	50.22	100.0	218.4	-0.1	23.5	
03/10/2022	14:55:35	207.8	207.7	206.2	216.6	219.3	214.9	213.6	217.1	213.2	1.63	1.85	1.90	219.5	219.0	219.3	1	3	0	6	11	0	0.3	0.8	0.1	49.72	100.0	218.6	-0.1	23.5	
03/10/2022	13:55:35	214.1	214.8	212.1	220.5	220.0	218.6	214.9	215.9	213.3	1.56	1.77	1.82	218.9	219.4	219.3	1	4	0	6	13	0	0.3	1.0	0.1	49.77	100.0	218.4	-0.1	23.5	
03/10/2022	12:55:35	217.9	214.3	215.7	220.7	220.1	219.0	219.6	219.7	218.1	1.77	1.94	2.01	218.8	218.8	218.7	1	4	0	6	11	0	0.3	0.8	0.1	49.99	100.0	218.4	-0.1	23.4	
03/10/2022	11:55:35	216.2	214.2	214.4	220.3	220.5	219.0	219.0	218.8	218.7	1.65	1.83	1.91	219.3	219.3	219.5	1	4	0	6	11	0	0.3	0.8	0.1	50.09	100.0	218.4	-0.1	23.3	
03/10/2022	10:55:35	216.5	215.3	215.0	221.7	220.6	219.5	217.7	216.6	216.2	1.57	1.78	1.83	219.2	218.6	219.1	1	4	0	6	12	1	0.3	0.8	0.1	49.71	100.0	218.6	-0.1	23.4	
03/10/2022	09:55:34	213.3	213.1	213.8	220.1	220.9	219.2	218.2	217.2	217.7	1.55	1.77	1.84	219.3	218.6	219.3	1	4	0	6	12	0	0.4	0.9	0.1	50.26	100.0	218.4	-0.1	23.3	
03/10/2022	08:55:34	209.4	210.9	207.3	217.3	220.7	218.5	214.0	217.5	215.6	1.53	1.78	1.85	219.1	218.2	218.7	1	4	0	6	12	0	0.3	0.8	0.1	50.26	100.0	218.6	-0.1	23.3	
03/10/2022	07:55:34	213.6	212.0	207.1	220.6	220.4	212.0	213.4	212.4	207.6	1.60	1.78	1.82	219.3	218.8	219.1	1	4	0	6	12	0	0.3	0.9	0.1	49.60	100.0	218.6	-0.1	23.3	
03/10/2022	06:55:34	210.3	208.9	207.7	218.5	219.4	213.4	217.6	217.4	208.9	1.54	1.74	1.74	219.1	219.2	219.3	1	4	0	6	11	0	0.3	0.8	0.1	49.74	100.0	218.3	-0.1	23.5	
03/10/2022	05:55:34	214.8	212.6	212.5	221.0	218.3	218.7	214.6	213.4	213.0	1.44	1.64	1.69	219.5	219.4	219.4	1	3	0	6	10	0	0.3	0.8	0.1	49.71	100.0	218.4	-0.1	23.6	
03/10/2022	04:55:33	218.9	215.4	216.3	222.1	219.3	219.6	220.8	218.5	219.0	1.39	1.59	1.66	219.3	219.3	219.3	1	3	0	6	10	0	0.3	0.8	0.1	50.18	100.0	218.3	-0.1	23.7	
03/10/2022	03:55:33	218.2	214.5	216.0	221.1	219.8	219.3	220.4	218.0	218.3	1.43	1.65	1.70	219.4	219.7	219.7	1	3	0	6	10	0	0.3	0.8	0.1	50.01	100.0	218.3	-0.1	23.8	
03/10/2022	02:55:33	217.0	215.3	216.0	220.3	219.6	218.8	218.1	217.5	216.8	1.39	1.61	1.65	218.9	219.4	219.2	1	3	0	6	10	0	0.3	0.8	0.1	49.63	100.0	218.3	-0.1	23.9	
03/10/2022	01:55:33	217.7	215.8	215.9	220.6	219.8	218.5	219.9	216.8	217.6	1.41	1.60	1.66	219.0	219.9	219.8	1	3	0	6	10	0	0.3	0.8	0.1	50.00	98.1	218.3	-0.1	24.0	
03/10/2022	00:55:33	217.7	214.3	214.2	220.8	219.3	217.6	219.4	218.2	217.3	1.40	1.62	1.66	218.8	219.7	219.4	1	3	0	6	10	0	0.3	0.8	0.1	50.00	94.7	218.1	-0.1	24.3	
03/09/2022	23:55:32	215.8	213.3	213.1	218.8	217.3	215.5	217.7	217.6	215.6	1.43	1.66	1.68	218.7	219.0	219.4	1	3	0	6	10	0	0.3	0.8	0.1	49.97	91.4	218.0	-0.1	24.4	
03/09/2022	22:55:32	214.1	212.7	211.8	218.8	217.4	215.4	216.5	213.7	213.7	1.44	1.61	1.68	219.2	219.1	219.1	1	3	0	6	10	0	0.3	0.8	0.1	49.75	88.1	218.0	-0.1	24.6	
03/09/2022	21:55:32	215.2	213.2	213.1	220.2	219.6	217.8	216.6	213.9	213.9	1.38	1.60	1.63	219.0	218.4	219.1	1	4	0	6	10	0	0.3	0.8	0.1	50.23	84.7	218.1	-0.1	24.9	
03/09/2022	20:55:32	212.3	211.5	210.9	217.6	217.5	216.3	215.7	217.1	216.1	1.42	1.65	1.70	219.3	219.4	219.3	1	3	0	6	10	0	0.4	0.8	0.1	49.81	81.4	218.1	-0.1	25.2	
03/09/2022	19:55:32	213.6	212.3	212.6	217.4	217.0	216.1	216.6	216.9	215.9	1.41	1.63	1.67	219.2	220.0	219.6	1	4	0	6	10	0	0.3	0.8	0.1	50.06	74.6	218.0	-0.1	25.5	
03/09/2022	18:55:31	0.2	0.3	0.2	219.5	219.1	218.6	215.1	212.9	213.4	1.59	1.77	1.83	219.3	219.6	219.6	1	3	0	6	10	0	0.3	0.8	0.1	49.96	65.6	217.8	+0.0	26.0	
03/09/2022	17:55:31	216.3	213.7	214.2	220.6	219.9	218.5	219.3	217.1	217.2	1.48	1.69	1.75	219.2	219.4	219.3	1	3	0	6	11	0	0.3	0.8	0.1	50.29	100.0	217.2	-0.1	26.6	
03/09/2022	16:55:31	213.9	212.5	211.9	218.2	217.4	216.4	216.9	216.5	215.8	1.57	1.73	1.80	219.0	218.5	218.8	1	4	0	6	12	0	0.3	0.8	0.1	49.98	100.0	216.9	-0.1	28.0	
03/09/2022	15:55:31	212.7	208.9	210.7	218.8	217.9	216.4	214.6	213.1	213.5	1.60	1.78	1.85	219.3	219.2	219.1	1	4	0	6	12	0	0.3	0.9	0.1	49.72	100.0	216.8	-0.1	28.2	
03/09/2022	14:55:31	215.0	212.6	212.8	219.1	218.1	216.7	216.0	214.9	213.9	1.56	1.74	1.80	219.1	219.1	219.1	1	4	0	6	11	0	0.3	0.8	0.1	49.89	100.0	216.9	-0.1	28.1	
03/09/2022	13:55:30	217.2	214.5	215.2	220.7	220.4	219.3	218.2	218.5	216.8	1.50	1.73	1.77	219.0	219.4	219.4	1	4	0	6	12	0	0.4	0.9	0.1	49.95	100.0	217.2	-0.1	27.8	
03/09/2022	12:55:30	217.6	215.4	215.8	221.8	220.9	219.8	219.8	219.4	219.1	1.50	1.71	1.76	219.1	218.8	219.3	1	4	0	6	11	0	0.3	0.8	0.1	50.53	100.0	217.2	-0.1	27.3	
03/09/2022	11:55:30	216.2	215.1	214.6	221.6	220.6	220.0	217.5	217.2	216.2	1.58	1.77	1.83	218.9	218.5	219.1	1	4	0	6	13	0	0.3	1.0	0.1	49.89	100.0	217.4	-0.1	26.9	
03/09/2022	10:55:30	213.5	214.4	213.7	221.0	221.1	219.7	220.5	220.8	219.1	1.60	1.80	1.82	219.2	219.2	219.5	1	4	0	6	12	1	0.3	0.9	0.1	50.36	100.0	217.4	-0.1	26.5	
03/09/2022	09:55:30	211.9	214.4	213.3	218.8	221.0	219.4	214.6	215.9	215.3	1.60	1.81	1.89	219.1	220.2	219.6	1	3	0	6	12	0	0.3	0.8	0.1	49.89	100.0	217.4	-0.1	26.1	
03/09/2022	08:55:29	208.9	209.0	207.3	220.1	219.9	217.3	212.7	217.4	214.8	1.58	1.82	1.88	219.1	218.9	219.0	1	4	0	6	12	0	0.4	0.9	0.1	49.84	100.0	217.7	-0.1	26.0	
03/09/2022	07:55:29	210.4	210.1	210.6	220.1	216.6	217.9	218.9	215.6	216.2	1.64	1.78	1.87	219.7	218.8	219.1	1	4	0	6	12	0	0.4	0.9	0.1	50.05	100.0	217.7	-0.1	25.8	
03/09/2022	06:55:29	208.9	208.6	207.4	214.4	214.7	215.8	214.2	215.0	216.1	1.49	1.71	1.79	219.2	219.9	219.3	1	3	0	6	11	0	0.3	0.9	0.1	50.25	100.0	217.7	-0.1	26.0	
03/09/2022	05:55:29	210.2	210.1	209.3	219.0	218.0	216.8	210.7	210.4	209.7	1.57	1.77	1.85	219.3	219.0	219.2	1	3	0	6	10	0	0.3	0.8	0.1	49.92	100.0	217.4	-0.1	26.3	
03/09/2022	04:55:29	214.9	213.3	213.0	220.1	218.9	218.0	218.6	217.4	216.5	1.44	1.65	1.72	219.6	219.6	219.3	1	3	0	6	11	0	0.3	0.8	0.1	49.98	100.0	217.7	-0.1	26.6	
03/09/2022	03:55:28	218.0	216.8	215.6	220.9	219.9	218.5	219.3	219.2	218.0	1.43	1.67	1.70	219.1	219.2	219.0	1	3	0	6	10	0	0.3	0.8	0.1	50.24	100.0	217.4	-0.1	26.8	
03/09/2022	02:55:28	217.8	217.2	216.8	220.9	219.7	219.0	219.8	219.2	218.0	1.39	1.63	1.67	219.4	219.0	219.3	1	3	0	6	10	0	0.3	0.8	0.1	50.51	100.0	217.4	-0.1	27.1	
03/09/2022	01:55:28	216.8	216.2	215.8	221.0	218.9	218.4	217.8	218.0	217.7	1.43	1.66	1.72	219.0	219.0	219.4	1	3	0	6	11	0	0.3	0.8	0.1	49.71	100.0	217.4	-0.1	27.3	
03/09/2022	00:55:28	215.2	214.3	213.4	220.6	218.5	217.8	217.9	217.4	216.2	1.46	1.65	1.70	218.9	218.9	219.3	1	3	0	6	11	0	0.3	0.8	0.1	49.99	100.0	217.2	-0.1	27.5	
03/08/2022	23:55:28	215.3	214.3	213.9	219.4	218.3	217.8	216.3	217.1	215.6	1.44	1.68	1.70	219.1	218.8	219.0	1	3	0	6	10	0	0.3	0.8	0.1	49.91	100.0	216.9	-0.1	27.8	
03/08/2022	22:55:27	214.9	213.7	213.1	219.5	218.5	218.0	216.9	217.0	216.1	1.44	1.67	1.72	219.6	218.9	219.0	1	3	0	6	11	0	0.3	0.8	0.1	50.30	99.7	217.1	-0.1	28.1	
03/08/2022	21:55:27	216.4	215.0	214.8	219.9	219.1	217.9	218.1	217.7	217.1	1.44	1.67	1.70	218.9	218.9	219.2	1	3	0	6	10	1	0.3	0.8	0.1	50.30	96.4	216.9	-0.1	28.4	
03/08/2022	20:55:27	213.7	213.2	213.0	219.4	217.4	216.9	216.8	216.3	216.2	1.48	1.70	1.74	218.8	219.4	219.3	1	3	0	6	11	1	0.3	0.8	0.1	50.00	93.0	216.8	-0.1	28.7	
03/08/2022	19:55:27	213.8	212.7	212.3	218.6	217.7	217.2	217.5	215.9	215.6	1.45	1.68	1.69	219.6	218.8	218.9	1	3	0	6	11	1	0.3	0.8	0.1	49.99	89.7	216.9	-0.1	28.8	
03/08/2022	18:55:27	213.5	211.5	211.7	218.5	217.4	216.5	218.0	216.4	216.1	1.43	1.65	1.68	219.1	219.2	219.5	1	3	0	6	12	1	0.3	0.9	0.1	50.39	86.4	216.6	-0.1	29.1	
03/08/2022	17:55:27	213.5	212.8	211.3	219.8	219.0	217.7	216.0	216.0	214.3	1.59	1.81	1.85	218.9	218.3	218.9	1	4	0	6	11	0	0.4	0.9	0.1	49.99	83.0	216.6	-0.1	29.4	
03/08/2022	16:55:26	213.2	211.6	211.1	219.5	217.9	217.2	218.4	218.0	216.1	1.51	1.74	1.79	219.4	219.4	219.6	1	4	0	6	12	0	0.3	0.8	0.1	49.78	79.0	216.8	-0.1	29.2	
03/08/2022	15:55:26	0.3	0.3	0.3	221.1	219.2	215.7	213.8	212.8	211.9	1.66	1.87	1.91	218.9	218.6	219.1	1	4	0	6	12	0	0.3	0.9	0.1	50.00	70.0	216.6	-0.1	28.9	
03/08/2022	14:55:26	210.2	209.1	208.8	219.0	218.0	217.5	216.8	212.1	214.5	1.66	1.83	1.91	219.0	218.9	219.1	1	4	0	6	12	0	0.3	0.9	0.1	49.73	78.0	216.9	-0.1	28.4	
03/08/2022	13:55:26	212.2	213.8	211.8	219.0	219.6	217.7	218.8	218.3	217.9	1.58	1.79	1.84	219.0	218.7	219.2	1	4	0	6	12	0	0.3	0.8	0.1	50.38	69.0	217.4	-0.1	27.5	
03/08/2022	12:55:26	0.3	0.3	0.2	221.0	219.6	218.2	214.6	217.1	215.1	1.53	1.77	1.81	219.2	218.5	219.1	1	4	0	6	12	0	0.3	0.9	0.1	50.26	59.9	217.5	-0.1	26.5	
03/08/2022	11:55:25	215.8	214.7	213.7	220.4	219.8	218.6	219.8	219.7	218.3	1.68	1.84	1.92	219.2	219.0	219.2	1	4	0	6	12	0	0.3	0.9	0.1	49.92	100.0	217.5	-0.1	25.8	
03/08/2022	10:55:25	215.1	214.9	214.2	221.4	220.1	219.1	219.4	218.9	217.8	1.57	1.77	1.83	219.5	219.1	219.3	1	4	0	6	13	0	0.3	0.9	0.1	50.16	100.0	217.8	-0.1	25.4	
03/08/2022	09:55:25	213.9	211.9	211.4	219.7	218.1	217.1	214.9	215.2	214.5	1.58	1.79	1.84	219.2	219.8	219.6	1	3	0	6	12	0	0.3	0.8	0.1	49.99	100.0	218.0	-0.1	24.9	
03/08/2022	08:55:25	208.4	208.5	207.1	221.0	219.6	218.9	217.9	216.7	216.1	1.56	1.77	1.82	219.6	218.5	219.1	1	4	0	6	12	0	0.3	0.9	0.1	49.99	100.0	218.1	-0.1	24.7	
03/08/2022	07:55:25	210.4	210.1	208.7	217.0	216.0	215.0	213.2	213.1	211.7	1.68	1.90	1.97	219.7	219.8	219.4	1	3	0	6	12	0	0.3	0.9	0.1	49.96	100.0	218.1	-0.1	24.5	
03/08/2022	06:55:24	208.9	208.8	206.6	215.7	215.0	212.8	212.0	212.2	210.6	1.62	1.80	1.85	219.1	218.4	218.7	1	4	0	6	12	0	0.3	0.9	0.1	49.99	98.6	218.1	-0.1	24.7	
03/08/2022	05:55:24	213.3	211.1	212.3	218.7	216.3	217.5	213.1	212.4	213.1	1.53	1.73	1.84	218.9	219.9	219.4	1	4	0	6	11	0	0.4	0.8	0.1	49.99	95.3	218.0	-0.1	24.9	
03/08/2022	04:55:24	216.7	214.3	215.5	219.7	217.2	218.4	218.3	216.0	217.3	1.64	1.77	1.90	219.4	219.2	219.4	1	3	0	6	11	0	0.3	0.8	0.1	50.16	92.0	217.8	-0.1	25.0	
03/08/2022	03:55:24	216.1	213.4	215.1	219.5	216.8	218.0	218.0	215.8	217.3	1.53	1.70	1.79	219.1	219.2	219.4	1	4	0	6	11	0	0.3	0.8	0.1	50.17	88.6	218.0	-0.1	25.3	
03/08/2022	02:55:24	214.5	212.5	213.7	218.9	216.4	217.6	217.8	215.4	217.4	1.50	1.69	1.79	219.3	219.2	219.4	1	3	0	6	11	0	0.3	0.8	0.1	50.43	85.3	217.8	-0.1	25.5	
03/08/2022	01:55:23	214.1	212.2	213.6	217.3	215.2	216.4	215.1	213.5	215.2	1.52	1.73	1.81	219.0	218.8	219.0	1	4	0	6	11	0	0.3	0.8	0.1	49.83	82.0	217.7	-0.1	25.7	
03/08/2022	00:55:23	213.4	210.9	212.6	219.5	218.5	218.8	214.7	214.3	214.9	1.57	1.79	1.87	218.9	218.5	218.9	1	4	0	6	12	0	0.3	0.9	0.1	50.08	76.2	217.7	-0.1	25.9	
03/07/2022	23:55:23	0.2	0.3	0.2	219.5	219.3	218.7	218.0	218.8	215.7	1.52	1.75	1.76	218.7	219.4	219.6	1	3	0	6	11	0	0.3	0.8	0.1	50.00	67.3	217.5	+0.0	26.1	
03/07/2022	22:55:23	211.2	212.0	211.3	216.3	217.4	215.9	215.4	216.3	215.6	1.51	1.72	1.79	219.1	219.4	219.2	1	4	0	6	12	0	0.3	0.9	0.1	50.49	88.2	217.4	-0.1	26.3	
03/07/2022	21:55:23	213.2	213.9	212.8	217.3	217.2	216.0	214.7	216.9	215.7	1.50	1.72	1.78	219.2	218.7	218.8	1	4	0	6	11	0	0.3	0.8	0.1	50.06	84.9	217.5	-0.1	26.4	
03/07/2022	20:55:22	212.2	211.9	211.3	215.9	216.3	214.8	214.2	215.3	214.5	1.51	1.71	1.78	218.7	219.4	219.2	1	4	0	6	12	0	0.3	0.9	0.1	50.07	81.6	217.5	-0.1	26.6	
03/07/2022	19:55:22	213.5	213.0	211.8	217.4	216.8	215.6	215.7	216.6	214.8	1.51	1.72	1.77	219.1	218.5	218.9	1	4	0	6	12	0	0.3	0.8	0.1	50.11	75.1	217.4	-0.1	26.8	
03/07/2022	18:55:22	0.2	0.3	0.2	218.8	218.6	217.5	214.9	214.6	213.5	1.66	1.90	1.93	219.5	218.3	219.0	1	4	0	6	12	1	0.3	0.9	0.1	49.99	66.1	217.4	+0.0	27.1	
03/07/2022	17:55:22	0.2	0.3	0.2	220.6	219.7	217.7	213.3	213.0	212.1	1.61	1.82	1.86	219.1	218.4	218.6	1	4	0	6	12	1	0.3	0.8	0.1	50.06	59.7	217.2	-0.1	27.0	
03/07/2022	16:55:22	212.3	211.5	211.3	216.9	214.9	214.9	216.1	215.3	214.3	1.78	1.93	2.02	218.8	219.2	219.1	1	4	0	6	14	1	0.3	1.0	0.1	50.01	100.0	217.5	-0.1	26.5	
03/07/2022	15:55:21	211.9	209.9	210.3	216.0	213.7	213.9	214.2	212.9	213.2	1.57	1.78	1.84	218.6	219.1	219.3	1	4	0	6	12	1	0.3	0.8	0.1	49.99	100.0	217.7	-0.1	25.8	
03/07/2022	14:55:21	212.7	211.0	211.0	219.2	216.9	217.0	213.1	211.7	211.5	1.62	1.84	1.89	219.2	219.3	219.2	1	4	0	6	12	1	0.3	0.8	0.1	49.52	100.0	217.8	-0.1	25.2	
03/07/2022	13:55:21	214.7	213.9	214.1	219.9	218.8	217.9	218.9	217.2	217.3	1.58	1.77	1.84	219.5	218.8	219.1	1	4	0	6	12	1	0.3	0.8	0.1	50.18	100.0	218.1	-0.1	24.6	
03/07/2022	12:55:21	211.8	212.3	210.5	216.9	219.4	216.6	215.4	216.4	214.8	1.76	1.96	2.02	218.8	219.0	219.1	1	4	0	6	12	1	0.3	0.9	0.1	50.15	100.0	218.1	-0.1	24.1	
03/07/2022	11:55:21	212.9	209.1	212.3	216.7	219.6	215.7	215.3	218.2	214.9	1.52	1.77	1.81	219.3	219.2	219.3	1	4	0	6	12	1	0.3	0.9	0.1	50.11	100.0	218.4	-0.1	23.8	
03/07/2022	10:55:20	213.2	209.1	212.1	217.3	213.3	216.5	213.3	209.5	212.6	1.65	1.82	1.90	219.3	218.8	219.2	1	4	0	6	12	1	0.3	0.9	0.1	49.70	100.0	218.4	-0.1	23.6	
03/07/2022	09:55:20	213.4	209.6	207.7	217.8	214.0	214.9	214.5	211.0	213.9	1.68	1.84	1.95	219.1	218.9	219.0	1	4	0	6	13	1	0.3	0.9	0.1	50.07	100.0	218.6	-0.1	23.6	
03/07/2022	08:55:20	208.1	208.8	207.3	215.7	215.7	215.1	215.2	211.8	208.9	1.68	1.85	1.86	219.3	219.8	219.8	1	3	0	6	12	1	0.3	0.8	0.1	49.99	100.0	218.3	-0.1	23.6	
03/07/2022	07:55:20	211.4	211.0	210.2	218.4	217.6	216.5	214.6	215.1	214.4	1.54	1.77	1.81	218.9	218.6	219.1	1	3	0	6	13	1	0.3	0.9	0.1	50.08	100.0	218.4	-0.1	23.7	
03/07/2022	06:55:20	214.2	212.7	212.2	220.2	219.2	219.3	214.0	213.1	213.2	1.66	1.86	1.92	219.7	219.3	219.3	1	3	0	6	11	1	0.3	0.9	0.1	49.98	100.0	218.4	-0.1	23.8	
03/07/2022	05:55:19	219.3	217.9	218.0	224.2	221.9	222.3	219.7	219.1	219.3	1.51	1.71	1.78	219.4	219.4	219.5	1	3	0	6	11	1	0.3	0.8	0.1	50.07	100.0	218.3	-0.1	24.0	
03/07/2022	04:55:19	221.9	220.4	221.0	225.9	223.9	224.4	222.1	221.7	221.6	1.47	1.68	1.77	218.8	219.3	219.5	1	4	0	6	11	1	0.3	0.8	0.1	49.83	100.0	218.3	-0.1	24.3	
03/07/2022	03:55:19	222.9	220.8	221.4	226.5	224.3	224.8	224.2	223.0	223.6	1.44	1.64	1.71	219.6	218.9	219.1	1	3	0	6	11	1	0.3	0.8	0.1	50.25	100.0	218.3	-0.1	24.6	
03/07/2022	02:55:19	221.6	220.3	220.5	225.9	223.7	224.2	224.1	222.6	223.3	1.42	1.64	1.70	218.8	219.1	219.1	1	3	0	6	11	0	0.3	0.8	0.1	49.98	100.0	218.0	-0.1	24.9	
03/07/2022	01:55:19	221.1	219.9	220.1	224.5	223.6	223.8	222.8	222.3	222.3	1.45	1.66	1.73	218.9	218.5	219.0	1	4	0	6	11	1	0.3	0.9	0.1	49.89	100.0	217.8	-0.1	25.2	
03/07/2022	00:55:18	218.2	217.1	217.1	221.8	220.6	220.7	221.6	220.4	221.1	1.48	1.66	1.73	219.3	218.4	219.1	1	4	0	6	11	1	0.3	0.9	0.1	50.03	100.0	217.8	-0.1	25.4	
03/06/2022	23:55:18	216.7	215.6	215.6	220.3	218.9	219.0	218.0	217.8	217.5	1.50	1.71	1.76	219.4	219.1	219.1	1	4	0	6	10	0	0.3	0.8	0.1	49.79	100.0	217.8	-0.1	25.5	
03/06/2022	22:55:18	215.5	215.1	215.5	218.7	218.0	218.5	218.0	217.4	217.6	1.47	1.69	1.76	219.5	219.5	219.6	1	3	0	6	11	1	0.3	0.8	0.1	49.99	100.0	217.7	-0.1	25.9	
03/06/2022	21:55:18	215.2	215.2	214.9	220.7	218.8	219.2	216.0	216.1	216.3	1.48	1.70	1.75	219.5	219.4	219.5	1	3	0	6	11	1	0.3	0.8	0.1	49.84	100.0	217.4	-0.1	26.8	
03/06/2022	20:55:18	216.1	214.8	215.3	220.4	218.2	218.5	218.9	217.8	217.8	1.40	1.64	1.67	219.4	218.7	218.9	1	4	0	6	11	1	0.3	0.9	0.1	50.00	98.0	217.2	-0.1	27.6	
03/06/2022	19:55:17	216.6	215.4	215.5	221.4	219.5	219.5	218.6	217.3	217.1	1.55	1.78	1.83	219.6	219.5	219.6	1	3	0	6	11	1	0.3	0.8	0.1	49.99	94.7	217.1	-0.1	27.9	
03/06/2022	18:55:17	215.7	213.0	213.8	219.6	217.4	217.7	218.1	216.6	216.6	1.61	1.82	1.87	219.1	219.7	219.5	1	4	0	6	11	1	0.3	0.8	0.1	49.98	91.3	217.1	-0.1	28.2	
03/06/2022	17:55:17	215.2	213.3	213.4	218.1	216.4	216.4	216.5	214.0	214.8	1.54	1.72	1.78	219.5	219.6	219.4	1	3	0	6	11	1	0.3	0.8	0.1	49.96	88.0	216.9	-0.1	28.5	
03/06/2022	16:55:17	215.1	213.4	213.3	219.7	217.8	218.1	217.7	216.7	216.6	1.62	1.82	1.86	219.3	219.3	219.2	1	4	0	6	12	1	0.3	0.9	0.1	50.31	84.7	216.8	-0.1	28.8	
03/06/2022	15:55:17	214.7	214.3	214.1	219.0	217.7	217.6	217.2	216.4	216.5	1.62	1.82	1.89	219.4	218.8	218.9	1	4	0	6	12	1	0.3	0.9	0.1	50.29	81.3	216.9	-0.1	28.8	
03/06/2022	14:55:16	216.2	215.0	215.0	220.7	219.6	218.8	216.0	215.3	215.3	1.61	1.83	1.88	219.5	218.9	219.4	1	4	0	6	14	1	0.3	1.1	0.1	49.93	74.4	216.9	-0.1	28.4	
03/06/2022	13:55:16	0.3	0.3	0.3	219.9	219.5	218.2	217.9	219.4	215.9	1.74	1.96	1.99	219.1	218.3	218.7	1	4	0	6	12	1	0.3	0.9	0.1	50.11	65.5	217.1	+0.0	27.7	
03/06/2022	12:55:16	212.4	211.1	211.2	216.9	214.8	215.0	216.1	214.7	214.9	1.67	1.84	1.91	219.1	219.6	219.3	1	4	0	6	12	1	0.3	0.9	0.1	50.34	100.0	217.4	-0.1	27.0	
03/06/2022	11:55:16	211.1	210.4	210.6	215.3	213.6	213.9	213.2	212.7	213.1	1.71	1.91	1.96	218.7	218.4	219.1	1	4	0	6	12	1	0.3	0.8	0.1	50.10	100.0	217.5	-0.1	26.4	
03/06/2022	10:55:16	213.3	211.4	211.3	216.4	214.5	214.9	214.6	213.6	213.4	1.63	1.84	1.89	218.7	218.9	219.4	1	4	0	6	12	1	0.3	0.9	0.1	50.02	100.0	217.7	-0.1	26.0	
03/06/2022	09:55:16	212.2	210.2	210.1	215.5	213.6	213.8	214.4	212.8	212.7	1.64	1.83	1.89	219.5	219.4	219.2	1	3	0	6	12	1	0.3	0.9	0.1	50.40	100.0	217.7	-0.1	25.7	
03/06/2022	08:55:15	210.8	208.9	208.7	220.3	218.8	218.8	212.3	211.1	210.7	1.63	1.82	1.87	219.5	219.4	219.3	1	4	0	6	12	1	0.3	0.9	0.1	49.86	100.0	217.8	-0.1	25.6	
03/06/2022	07:55:15	217.9	215.7	215.8	224.3	222.1	221.9	219.2	218.7	218.7	1.60	1.79	1.86	218.8	219.3	219.3	1	4	0	6	12	0	0.3	0.9	0.1	50.34	100.0	217.7	-0.1	25.8	
03/06/2022	06:55:15	217.5	215.7	215.6	223.4	221.3	221.1	222.8	220.7	220.7	1.52	1.69	1.76	219.1	219.4	219.4	1	4	0	6	12	1	0.3	0.9	0.1	50.38	100.0	217.5	-0.1	26.0	
03/06/2022	05:55:15	218.1	216.3	216.9	224.2	221.6	221.8	218.8	217.6	217.8	1.50	1.69	1.77	219.3	218.5	218.9	1	4	0	6	11	1	0.3	0.8	0.1	50.23	100.0	217.7	-0.1	26.1	
03/06/2022	04:55:15	220.8	218.1	218.4	224.1	221.9	222.0	223.7	221.3	221.6	1.44	1.63	1.69	219.0	219.0	219.1	1	3	0	6	12	1	0.3	0.8	0.1	50.34	100.0	217.5	-0.1	26.4	
03/06/2022	03:55:14	219.2	216.3	216.9	223.0	220.5	220.7	221.9	220.0	220.1	1.48	1.69	1.75	219.1	219.9	219.5	1	3	0	6	12	1	0.3	0.9	0.1	50.13	100.0	217.5	-0.1	26.6	
03/06/2022	02:55:14	219.6	217.1	218.0	222.8	220.4	220.9	222.4	220.2	220.9	1.49	1.67	1.74	219.4	219.0	219.2	1	3	0	6	11	1	0.3	0.8	0.1	50.26	100.0	217.4	-0.1	26.9	
03/06/2022	01:55:14	216.6	215.1	214.7	221.4	220.2	219.6	220.3	218.7	218.6	1.52	1.73	1.78	218.7	219.2	219.1	1	4	0	6	11	0	0.3	0.8	0.1	50.00	100.0	217.2	-0.1	27.2	
03/06/2022	00:55:14	214.4	213.7	212.8	219.4	218.5	217.8	216.5	215.5	215.0	1.55	1.72	1.79	219.2	218.4	219.1	1	4	0	6	11	1	0.3	0.9	0.1	49.98	100.0	217.1	-0.1	27.6	
03/05/2022	23:55:14	212.8	211.8	211.5	217.5	216.8	216.2	216.6	214.9	214.6	1.56	1.72	1.79	218.9	218.3	219.0	1	4	0	6	11	0	0.3	0.8	0.1	50.01	96.6	217.2	-0.1	27.9	
03/05/2022	22:55:13	212.4	211.5	211.4	217.8	216.2	215.9	215.7	215.7	214.7	1.59	1.78	1.84	219.5	219.4	219.4	1	4	0	6	11	1	0.3	0.9	0.1	50.00	93.3	216.9	-0.1	28.2	
03/05/2022	21:55:13	213.2	212.1	212.0	219.6	218.4	217.6	213.5	213.3	213.1	1.57	1.76	1.83	219.4	219.3	219.2	1	4	0	6	11	1	0.3	0.8	0.1	49.87	90.0	216.9	-0.1	28.5	
03/05/2022	20:55:13	215.2	212.1	212.3	219.4	216.9	216.7	217.5	215.6	215.9	1.56	1.73	1.81	218.8	218.9	219.3	1	3	0	6	11	1	0.3	0.8	0.1	50.11	86.6	216.8	-0.1	28.8	
03/05/2022	19:55:13	211.5	209.3	209.5	218.8	215.8	215.9	217.4	215.6	215.5	1.58	1.75	1.83	219.5	219.2	219.3	1	4	0	6	11	0	0.3	0.8	0.1	49.78	83.3	216.5	-0.1	29.1	
03/05/2022	18:55:13	211.5	209.3	209.5	219.3	216.8	216.9	211.3	209.6	209.7	1.62	1.82	1.87	218.7	219.4	219.5	1	4	0	6	11	1	0.3	0.9	0.1	50.16	79.7	216.5	-0.1	29.3	
03/05/2022	17:55:12	214.0	213.1	212.3	219.3	216.9	215.7	218.1	214.9	214.9	1.57	1.72	1.79	219.1	219.3	219.4	1	3	0	6	11	1	0.4	0.8	0.1	50.03	70.7	216.6	-0.1	29.4	
03/05/2022	16:55:12	212.2	210.9	210.0	215.7	214.0	213.4	214.3	213.4	212.7	1.64	1.84	1.91	219.0	218.8	219.3	1	4	0	6	11	0	0.4	0.8	0.1	49.78	61.7	216.6	-0.1	29.2	
03/05/2022	15:55:12	211.3	210.6	210.0	217.9	218.8	216.0	214.2	213.5	212.5	1.63	1.83	1.88	219.0	218.5	218.7	1	4	0	6	12	0	0.3	0.9	0.1	50.00	52.7	216.8	-0.1	28.8	
03/05/2022	14:55:12	0.3	0.3	0.2	220.1	218.6	217.0	217.7	218.8	216.2	1.70	1.90	1.98	219.2	219.0	219.1	1	4	0	6	12	1	0.3	0.8	0.1	50.30	43.8	217.1	+0.0	28.1	
03/05/2022	13:55:12	213.7	212.3	211.6	219.3	219.1	218.2	214.0	213.3	212.7	1.75	1.92	1.98	219.1	220.0	219.8	1	4	0	6	12	1	0.3	0.9	0.1	49.99	73.4	217.4	-0.1	27.2	
03/05/2022	12:55:11	0.2	0.3	0.3	221.5	220.4	218.8	217.1	218.7	217.2	1.63	1.83	1.91	219.4	218.5	218.8	1	4	0	6	12	0	0.4	0.9	0.1	50.03	64.5	217.7	+0.0	26.1	
03/05/2022	11:55:11	213.1	213.9	211.4	217.7	218.6	216.2	216.0	216.8	214.5	1.54	1.78	1.82	219.2	219.1	219.5	1	4	0	6	12	1	0.3	0.9	0.1	49.65	100.0	217.8	-0.1	25.4	
03/05/2022	10:55:11	211.2	213.0	210.3	216.9	218.2	216.5	215.9	217.5	215.9	1.60	1.82	1.85	218.9	219.1	219.1	1	4	0	6	12	1	0.3	0.9	0.1	50.22	100.0	218.0	-0.1	24.9	
03/05/2022	09:55:11	208.8	209.0	207.1	215.8	216.9	214.9	213.1	215.1	212.8	1.66	1.88	1.92	219.0	219.0	219.2	1	4	0	6	12	0	0.3	0.9	0.1	50.35	100.0	218.1	-0.1	24.5	
03/05/2022	08:55:11	209.1	208.7	207.5	216.8	217.1	216.1	209.3	210.4	207.9	1.64	1.88	1.90	219.2	218.4	219.1	1	4	0	6	12	0	0.3	0.9	0.1	49.92	100.0	218.1	-0.1	24.3	
03/05/2022	07:55:11	210.5	211.4	209.9	218.2	218.4	217.3	216.7	217.4	216.4	1.58	1.78	1.85	219.1	218.8	219.0	1	4	0	6	11	1	0.3	0.8	0.1	50.11	100.0	218.1	-0.1	24.3	
03/05/2022	06:55:10	212.6	210.1	211.1	218.3	217.8	216.9	216.8	216.4	215.5	1.62	1.79	1.86	219.0	218.5	218.9	1	4	0	6	12	1	0.3	0.9	0.1	49.94	100.0	218.1	-0.1	24.4	
03/05/2022	05:55:10	216.3	214.2	214.6	223.1	220.4	220.7	216.1	214.7	215.3	1.46	1.66	1.71	219.4	218.3	219.0	1	3	0	6	11	0	0.3	0.8	0.1	49.99	100.0	218.1	-0.1	24.7	
03/05/2022	04:55:10	220.9	218.4	219.0	224.0	221.4	221.7	222.1	220.3	220.6	1.42	1.64	1.71	219.0	219.8	219.7	1	3	0	6	11	0	0.4	0.8	0.1	50.00	100.0	218.0	-0.1	25.0	
03/05/2022	03:55:10	219.4	217.1	217.8	222.1	220.5	221.0	221.2	219.3	219.7	1.46	1.67	1.75	218.7	218.6	218.8	1	4	0	6	11	1	0.3	0.8	0.1	49.99	100.0	217.8	-0.1	25.2	
03/05/2022	02:55:09	217.6	215.6	216.6	221.7	220.0	220.4	221.5	218.7	219.2	1.43	1.62	1.70	219.0	218.3	218.8	1	4	0	6	11	0	0.3	0.8	0.1	50.01	100.0	218.0	-0.1	25.5	
03/05/2022	01:55:09	216.1	215.5	214.9	221.2	219.8	220.0	220.9	219.5	220.1	1.45	1.66	1.72	219.3	219.6	219.2	1	3	0	6	10	0	0.3	0.8	0.1	50.18	100.0	217.7	-0.1	25.7	
03/05/2022	00:55:09	216.4	214.7	214.1	220.9	219.4	218.9	217.3	216.3	215.7	1.50	1.70	1.76	219.3	219.1	219.0	1	3	0	6	11	0	0.3	0.8	0.1	49.54	100.0	217.5	-0.1	26.0	
03/04/2022	23:55:09	216.1	215.1	214.7	220.2	219.1	218.5	218.5	217.8	217.8	1.59	1.77	1.84	219.7	219.3	219.4	1	3	0	6	11	1	0.3	0.8	0.1	50.04	100.0	217.7	-0.1	26.3	
03/04/2022	22:55:09	214.6	213.2	213.1	219.1	217.5	217.1	218.4	217.5	217.1	1.53	1.73	1.77	218.9	218.5	218.9	1	3	0	6	12	0	0.3	0.9	0.1	49.99	100.0	217.5	-0.1	26.6	
03/04/2022	21:55:09	214.7	213.5	213.2	218.4	217.2	217.1	215.5	214.5	215.0	1.54	1.73	1.80	219.3	219.6	219.4	1	3	0	6	11	1	0.3	0.8	0.1	49.93	100.0	217.2	-0.1	26.8	
03/04/2022	20:55:08	214.3	213.9	213.6	219.7	217.5	217.3	215.0	215.2	214.8	1.52	1.71	1.78	219.4	219.8	219.6	1	3	0	6	12	1	0.3	0.8	0.1	49.98	100.0	217.4	-0.1	27.0	
03/04/2022	19:55:08	213.4	210.8	211.2	218.6	216.9	216.6	216.9	215.5	215.5	1.56	1.79	1.86	219.3	218.6	218.8	1	3	0	6	11	1	0.3	0.8	0.1	50.26	100.0	217.2	-0.1	27.2	
03/04/2022	18:55:08	213.7	210.8	211.5	217.3	216.6	215.2	214.6	214.2	213.8	1.49	1.71	1.76	219.0	218.3	219.0	1	4	0	6	10	1	0.4	0.8	0.1	49.92	100.0	217.1	-0.1	27.4	
03/04/2022	17:55:08	213.2	211.9	210.9	217.8	216.8	215.3	215.7	215.2	213.9	1.57	1.75	1.81	219.1	219.4	219.5	1	4	0	6	12	1	0.4	0.9	0.1	50.00	100.0	217.2	-0.1	27.5	
03/04/2022	16:55:08	212.2	213.7	212.0	218.0	217.5	216.0	215.7	216.0	214.1	1.54	1.74	1.79	218.6	219.1	219.4	1	4	0	6	12	0	0.3	0.9	0.1	49.98	96.9	217.4	-0.1	27.3	
03/04/2022	15:55:07	213.5	212.5	211.2	216.7	216.0	214.7	215.4	215.8	214.6	1.63	1.83	1.88	219.5	219.0	219.3	1	4	0	6	12	0	0.3	0.9	0.1	50.13	93.6	217.5	-0.1	27.1	
03/04/2022	14:55:07	213.1	211.9	211.0	220.0	218.9	217.7	216.0	216.0	214.4	1.55	1.77	1.81	219.5	218.4	219.0	1	4	0	6	13	0	0.3	1.0	0.1	50.21	90.3	217.5	-0.1	26.5	
03/04/2022	13:55:07	216.8	216.0	215.2	220.6	219.6	218.4	219.2	219.2	217.7	1.60	1.82	1.86	218.8	219.0	219.3	1	4	0	6	15	0	0.3	1.1	0.1	50.22	86.9	217.8	-0.1	25.5	
03/04/2022	12:55:07	216.4	215.9	215.2	220.9	219.5	218.3	218.4	219.8	218.2	1.52	1.76	1.80	219.1	219.3	219.5	1	3	0	6	11	1	0.3	0.8	0.1	49.76	83.6	218.1	-0.1	24.5	
03/04/2022	11:55:07	214.7	215.4	213.3	220.7	219.5	219.1	219.0	218.2	217.4	1.52	1.76	1.82	219.2	219.9	219.3	1	4	0	6	13	0	0.3	0.9	0.1	49.82	80.3	218.3	-0.1	23.8	
03/04/2022	10:55:06	0.2	0.3	0.2	219.5	219.5	218.1	215.4	217.2	214.3	1.68	1.85	1.92	219.7	218.7	219.1	1	4	0	6	12	1	0.4	0.9	0.1	49.99	71.6	218.4	-0.1	23.4	
03/04/2022	09:55:06	210.2	209.5	207.6	216.2	215.3	213.4	210.9	211.0	209.5	1.68	1.84	1.92	219.3	218.4	218.8	1	4	0	6	12	1	0.3	0.9	0.1	50.04	80.5	218.4	-0.1	22.9	
03/04/2022	08:55:06	210.9	209.2	208.7	220.3	219.7	217.6	214.5	214.0	212.3	1.65	1.85	1.89	219.0	218.6	219.1	1	4	0	6	13	0	0.3	0.9	0.1	49.92	72.1	218.7	-0.1	22.7	
03/04/2022	07:55:06	0.3	0.3	0.2	219.1	218.7	217.3	213.8	213.1	212.7	1.73	1.92	1.96	219.1	218.2	219.0	1	4	0	6	12	0	0.4	0.9	0.1	49.99	63.1	218.9	+0.0	22.3	
03/04/2022	06:55:06	211.6	213.7	209.4	217.0	218.9	215.4	214.7	218.1	213.3	1.57	1.80	1.81	219.3	218.9	219.4	1	4	0	6	12	0	0.3	0.9	0.1	50.50	100.0	218.9	-0.1	22.3	
03/04/2022	05:55:05	213.3	212.0	212.5	222.7	220.7	221.1	215.7	214.1	214.7	1.52	1.69	1.77	219.7	219.2	219.2	1	4	0	6	11	0	0.3	0.8	0.1	49.88	100.0	218.7	-0.1	22.4	
03/04/2022	04:55:05	219.7	217.4	217.9	223.7	221.6	221.8	222.0	220.5	221.2	1.49	1.68	1.77	218.9	219.0	219.1	1	3	0	6	11	0	0.3	0.8	0.1	50.40	100.0	218.6	-0.1	22.6	
03/04/2022	03:55:05	218.6	217.2	217.7	221.8	220.7	221.1	219.7	219.2	219.8	1.49	1.70	1.79	219.2	218.4	218.7	1	4	0	6	11	0	0.3	0.9	0.1	50.17	100.0	218.7	-0.1	22.8	
03/04/2022	02:55:05	216.8	215.7	216.1	220.7	219.4	219.8	218.4	217.5	218.3	1.49	1.69	1.78	219.1	219.4	219.5	1	4	0	6	11	0	0.3	0.8	0.1	49.74	100.0	218.6	-0.1	23.0	
03/04/2022	01:55:05	217.0	214.9	215.6	222.9	221.5	222.1	218.7	218.4	218.3	1.59	1.78	1.84	219.4	219.0	219.1	1	3	0	6	11	0	0.3	0.8	0.1	49.99	100.0	218.6	-0.1	23.2	
03/04/2022	00:55:04	216.7	215.4	215.8	221.4	220.2	220.5	219.0	218.4	218.7	1.53	1.73	1.80	219.1	218.7	219.1	1	4	0	6	11	0	0.4	0.8	0.1	49.78	100.0	218.6	-0.1	23.3	
03/03/2022	23:55:04	215.2	213.5	214.0	219.0	217.9	218.1	216.6	216.1	216.6	1.52	1.73	1.81	219.2	219.3	219.2	1	3	0	6	11	1	0.3	0.8	0.1	49.65	100.0	218.4	-0.1	23.6	
03/03/2022	22:55:04	217.6	216.0	216.3	220.6	219.1	219.6	218.7	218.1	218.4	1.52	1.73	1.79	219.0	219.5	219.4	1	4	0	6	11	0	0.3	0.9	0.1	50.36	100.0	218.3	-0.1	23.8	
03/03/2022	21:55:04	216.5	215.2	214.8	220.6	219.1	219.4	220.0	219.4	219.6	1.53	1.73	1.79	219.2	218.9	219.2	1	4	0	6	11	0	0.3	0.8	0.1	50.30	100.0	218.3	-0.1	23.9	
03/03/2022	20:55:04	216.6	213.4	214.1	219.7	217.0	217.7	219.0	216.9	217.8	1.60	1.76	1.83	219.4	218.7	219.5	1	4	0	6	11	0	0.4	0.9	0.1	50.00	100.0	218.3	-0.1	24.0	
03/03/2022	19:55:03	216.0	212.7	213.4	218.9	215.3	216.1	218.0	215.3	215.8	1.54	1.73	1.78	218.9	218.6	218.8	1	4	0	6	11	0	0.3	0.8	0.1	49.97	100.0	218.3	-0.1	24.1	
03/03/2022	18:55:03	214.4	210.9	211.8	218.2	214.8	215.5	217.0	213.7	214.8	1.68	1.85	1.92	219.2	219.7	219.5	1	4	0	6	11	0	0.3	0.8	0.1	50.07	100.0	218.3	-0.1	24.1	
03/03/2022	17:55:03	214.2	211.8	211.1	217.6	214.9	215.1	216.0	213.3	214.0	1.47	1.67	1.72	219.1	219.3	219.4	1	3	0	6	11	1	0.3	0.8	0.1	49.69	100.0	218.3	-0.1	24.1	
03/03/2022	16:55:03	213.6	211.2	210.8	218.3	215.7	215.3	217.1	214.9	214.4	1.59	1.78	1.84	219.2	218.9	219.3	1	4	0	6	12	0	0.3	0.8	0.1	50.43	100.0	218.4	-0.1	24.1	
03/03/2022	15:55:03	213.5	211.6	212.0	219.5	217.1	217.0	216.2	215.3	214.8	1.63	1.79	1.87	219.1	218.7	219.2	1	4	0	6	12	0	0.3	0.9	0.1	50.09	100.0	218.3	-0.1	24.2	
03/03/2022	14:55:02	213.4	211.4	211.2	218.0	216.0	215.8	215.9	214.0	213.9	1.58	1.82	1.89	219.4	219.4	219.5	1	4	0	6	12	0	0.3	0.9	0.1	50.00	100.0	218.3	-0.1	24.2	
03/03/2022	13:55:02	214.7	213.3	212.5	220.3	219.4	218.2	217.1	215.4	214.8	1.58	1.80	1.85	218.6	218.8	219.3	1	4	0	6	12	0	0.3	0.9	0.1	50.19	100.0	218.1	-0.1	24.3	
03/03/2022	12:55:02	215.5	213.8	212.3	220.3	218.9	217.6	219.4	217.7	216.6	1.57	1.76	1.80	219.0	218.3	219.1	1	4	0	6	12	0	0.3	0.9	0.1	49.88	100.0	218.1	-0.1	24.5	
03/03/2022	11:55:02	213.0	215.6	210.2	218.3	219.9	216.0	217.3	218.7	215.5	1.56	1.79	1.84	218.9	218.6	218.7	1	4	0	6	11	0	0.3	0.9	0.1	50.22	100.0	218.1	-0.1	24.7	
03/03/2022	10:55:02	212.1	215.9	209.2	217.0	220.2	213.6	215.0	218.3	212.8	1.59	1.82	1.85	219.1	219.3	219.4	1	4	0	6	12	0	0.3	0.9	0.1	49.87	100.0	218.1	-0.1	24.9	
03/03/2022	09:55:01	211.9	215.5	209.0	216.3	220.1	213.4	213.5	217.8	211.5	1.70	1.91	1.94	218.9	218.9	219.4	1	4	0	6	11	0	0.3	0.8	0.1	49.89	100.0	218.0	-0.1	25.1	
03/03/2022	08:55:01	209.1	209.1	207.4	217.8	219.5	215.8	212.0	219.1	209.6	1.59	1.86	1.85	219.3	219.5	219.2	1	4	0	6	12	0	0.3	0.9	0.1	49.85	100.0	218.0	-0.1	25.4	
03/03/2022	07:55:01	213.3	213.3	212.4	220.7	219.3	218.5	216.9	216.8	216.0	1.59	1.80	1.85	219.1	218.5	219.2	1	4	0	6	12	0	0.3	0.9	0.1	49.91	100.0	217.8	-0.1	25.6	
03/03/2022	06:55:01	211.2	209.0	209.4	221.1	218.1	218.9	220.2	217.5	217.8	1.46	1.66	1.73	218.8	218.8	219.2	1	4	0	6	11	0	0.3	0.8	0.1	50.00	100.0	217.7	-0.1	25.9	
03/03/2022	05:55:01	213.6	212.4	212.2	221.6	219.9	220.1	213.7	212.8	213.0	1.57	1.77	1.85	219.3	218.9	219.0	1	4	0	6	11	0	0.3	0.8	0.1	49.72	100.0	217.5	-0.1	26.3	
03/03/2022	04:55:00	217.1	215.6	215.5	222.5	220.9	220.9	220.3	219.3	219.3	1.52	1.72	1.77	219.4	218.9	219.5	1	4	0	6	11	0	0.4	0.9	0.1	50.12	100.0	217.4	-0.1	26.5	
03/03/2022	03:55:00	218.9	216.9	217.5	222.4	220.4	221.0	221.2	220.2	220.1	1.50	1.69	1.75	219.0	218.8	219.3	1	4	0	6	11	0	0.3	0.8	0.1	50.18	100.0	217.4	-0.1	26.8	
03/03/2022	02:55:00	218.1	216.8	217.2	222.9	220.8	221.0	218.8	217.2	217.8	1.50	1.70	1.76	219.4	219.1	219.1	1	4	0	6	11	0	0.3	0.8	0.1	49.56	100.0	217.4	-0.1	27.0	
03/03/2022	01:55:00	218.1	216.3	217.0	221.8	220.3	220.8	221.7	219.8	220.3	1.51	1.71	1.76	218.9	218.4	219.1	1	4	0	6	11	0	0.3	0.8	0.1	50.06	100.0	217.2	-0.1	27.3	
03/03/2022	00:55:00	216.4	214.4	215.4	221.1	219.5	219.1	219.6	217.3	217.8	1.53	1.71	1.78	218.8	219.0	219.3	1	4	0	6	11	0	0.3	0.9	0.1	50.06	100.0	217.2	-0.1	27.5	
03/02/2022	23:54:59	216.1	215.8	214.1	220.4	219.5	218.1	219.8	219.4	218.4	1.50	1.69	1.76	219.1	218.7	219.3	1	4	0	6	11	0	0.3	0.8	0.1	50.41	100.0	217.2	-0.1	27.7	
03/02/2022	22:54:59	216.2	214.3	213.5	219.7	218.7	217.8	218.9	219.0	217.2	1.51	1.72	1.79	219.6	218.9	219.2	1	4	0	6	12	0	0.3	0.9	0.1	50.21	100.0	216.9	-0.1	27.9	
03/02/2022	21:54:59	215.3	214.5	214.3	219.9	218.1	218.0	216.7	216.0	215.6	1.53	1.72	1.80	219.3	219.3	219.4	1	4	0	6	11	0	0.3	0.8	0.1	49.91	100.0	216.9	-0.1	28.0	
03/02/2022	20:54:59	213.5	211.7	211.8	218.2	217.2	216.8	217.6	217.5	217.1	1.52	1.72	1.78	219.2	218.9	219.4	1	4	0	6	12	0	0.3	0.8	0.1	50.51	100.0	216.9	-0.1	28.1	
03/02/2022	19:54:59	213.8	211.5	211.9	217.7	215.7	215.8	216.9	215.2	215.0	1.55	1.74	1.81	219.2	218.7	219.3	1	4	0	6	12	0	0.4	0.9	0.1	50.46	100.0	216.9	-0.1	28.3	
03/02/2022	18:54:58	213.2	210.7	211.1	219.4	217.5	217.6	213.6	211.9	212.3	1.58	1.77	1.84	219.1	218.6	219.0	1	4	0	6	11	0	0.3	0.9	0.1	49.85	100.0	216.8	-0.1	28.5	
03/02/2022	17:54:58	213.9	212.6	212.0	219.3	217.8	217.1	218.6	217.0	217.2	1.46	1.68	1.72	219.0	219.3	219.2	1	3	0	6	12	0	0.3	0.9	0.1	50.24	100.0	216.9	-0.1	28.7	
03/02/2022	16:54:58	214.5	214.0	212.7	218.9	218.6	217.5	217.6	217.6	216.3	1.70	1.89	1.95	218.9	218.5	219.1	1	4	0	6	11	0	0.3	0.8	0.1	50.01	100.0	216.9	-0.1	28.5	
03/02/2022	15:54:58	213.5	213.4	213.1	218.7	218.8	217.5	216.2	217.4	215.5	1.57	1.80	1.85	219.3	218.7	219.3	1	4	0	6	12	0	0.3	0.8	0.1	49.81	98.6	216.9	-0.1	28.3	
03/02/2022	14:54:58	214.8	213.4	213.8	219.1	217.8	217.7	217.0	216.7	216.6	1.65	1.84	1.91	219.0	218.1	218.9	1	4	0	6	12	0	0.3	0.9	0.1	50.00	95.3	217.2	-0.1	27.7	
03/02/2022	13:54:57	217.2	215.3	214.5	220.2	219.3	218.1	218.3	217.5	217.7	1.60	1.80	1.85	219.0	218.4	219.1	1	4	0	6	12	0	0.3	0.9	0.1	50.08	91.9	217.4	-0.1	27.0	
03/02/2022	12:54:57	215.4	215.0	214.4	220.5	219.1	218.6	219.2	218.6	217.0	1.70	1.89	1.95	218.9	218.5	219.2	1	4	0	6	12	0	0.3	0.9	0.1	50.19	88.6	217.5	-0.1	26.0	
03/02/2022	11:54:57	213.6	211.0	210.3	220.7	219.7	218.8	217.4	216.8	214.9	1.65	1.82	1.89	219.1	218.7	218.7	1	5	0	6	12	0	0.3	0.9	0.1	50.04	85.3	218.0	-0.1	25.4	
03/02/2022	10:54:57	213.6	213.5	213.2	218.8	218.5	218.1	218.2	218.1	217.7	1.58	1.79	1.83	219.6	219.4	219.2	1	3	0	6	13	1	0.4	1.0	0.1	49.93	81.9	218.0	-0.1	24.9	
03/02/2022	09:54:57	212.2	211.5	211.2	216.6	215.6	215.1	214.7	214.3	213.6	1.54	1.74	1.82	218.9	220.1	219.5	1	3	0	6	12	0	0.4	0.9	0.1	50.00	76.0	218.1	-0.1	24.6	
03/02/2022	08:54:56	0.3	0.3	0.2	219.1	219.3	217.7	214.4	213.8	213.7	1.56	1.78	1.83	219.3	219.2	219.1	1	4	0	6	12	0	0.3	0.8	0.1	49.70	67.0	218.1	-0.1	24.4	
03/02/2022	07:54:56	208.7	209.7	207.8	218.7	216.2	215.5	216.5	212.1	213.9	1.68	1.81	1.90	218.9	219.3	219.5	1	4	0	6	12	0	0.4	0.9	0.1	50.10	100.0	218.3	-0.1	24.2	
03/02/2022	06:54:56	210.0	208.8	207.7	215.3	216.2	213.1	214.6	215.6	212.9	1.58	1.79	1.84	219.3	218.7	219.2	1	4	0	6	12	0	0.3	0.9	0.1	50.23	100.0	218.1	-0.1	24.3	
03/02/2022	05:54:56	214.5	212.8	212.9	218.9	216.7	217.0	215.1	213.4	213.3	1.57	1.71	1.82	219.5	219.7	219.7	1	3	0	6	11	0	0.3	0.9	0.1	50.01	100.0	218.1	-0.1	24.7	
03/02/2022	04:54:56	217.4	215.2	215.5	221.9	219.7	219.8	218.7	216.8	216.5	1.52	1.68	1.76	219.4	218.7	219.3	1	4	0	6	11	0	0.3	0.8	0.1	50.01	100.0	218.0	-0.1	24.9	
03/02/2022	03:54:55	218.4	216.7	216.0	221.1	219.5	218.8	220.0	219.2	218.7	1.44	1.66	1.70	219.0	219.2	219.4	1	4	0	6	11	0	0.3	0.8	0.1	50.19	100.0	217.8	-0.1	25.3	
03/02/2022	02:54:55	216.5	215.7	214.7	220.3	219.9	218.7	220.0	219.6	218.6	1.53	1.71	1.77	219.3	219.4	219.5	1	4	0	6	11	0	0.4	0.9	0.1	50.08	100.0	217.7	-0.1	25.5	
03/02/2022	01:54:55	215.7	215.1	214.0	220.6	219.4	218.3	220.0	218.8	218.0	1.55	1.72	1.80	219.0	219.0	219.0	1	3	0	6	11	0	0.3	0.8	0.1	50.40	100.0	217.8	-0.1	25.7	
03/02/2022	00:54:55	215.1	214.5	214.0	219.8	219.3	218.1	215.7	215.7	214.6	1.55	1.74	1.80	219.4	218.5	219.2	1	4	0	6	12	0	0.3	0.9	0.1	49.91	100.0	217.8	-0.1	25.9	
